880636,505792,365678,290501,243008,210027,185659,166849,151845,5
704509,404634,292543,232401,194407,168022,148528,133480,121476,4
704509,404634,292543,232401,194407,168022,148528,133480,121476,4
704509,404634,292543,232401,194407,168022,148528,133480,121476,4
704509,404634,292543,232401,194407,168022,148528,133480,121476,4
704509,404634,292543,232401,194407,168022,148528,133480,121476,4
704509,404634,292543,232401,194407,168022,148528,133480,121476,4
704509,404634,292543,232401,194407,168022,148528,133480,121476,4
704509,404634,292543,232401,194407,168022,148528,133480,121476,4
704509,404634,292543,232401,194407,168022,148528,133480,121476,4
704509,404634,292543,232401,194407,168022,148528,133480,121476,4
704509,404634,292543,232401,194407,168022,148528,133480,121476,4
704509,404634,292543,232401,194407,168022,148528,133480,121476,4
704509,404634,292543,232401,194407,168022,148528,133480,121476,4
704509,404634,292543,232401,194407,168022,148528,133480,121476,4
704509,404634,292543,232401,194407,168022,148528,133480,121476,4
704509,404634,292543,232401,194407,168022,148528,133480,121476,4
704509,404634,292543,232401,194407,168022,148528,133480,121476,4
704509,404634,292543,232401,194407,168022,148528,133480,121476,4
704509,404634,292543,232401,194407,168022,148528,133480,121476,4
704509,404634,292543,232401,194407,168022,148528,133480,121476,4
704509,404634,292543,232401,194407,168022,148528,133480,121476,4
704509,404634,292543,232401,194407,168022,148528,133480,121476,4
704509,404634,292543,232401,194407,168022,148528,133480,121476,4
704509,404634,292543,232401,194407,168022,148528,133480,121476,4
704509,404634,292543,232401,194407,168022,148528,133480,121476,4
704509,404634,292543,232401,194407,168022,148528,133480,121476,4
704509,404634,292543,232401,194407,168022,148528,133480,121476,4
704509,404634,292543,232401,194407,168022,148528,133480,121476,4
704509,404634,292543,232401,194407,168022,148528,133480,121476,4
