0,0,0,0,0,0,0,0,0,0
14090528,8092884,5851003,4648141,3888224,3360519,2970632,2669656,2429592,4
7043235,4045276,2924659,2323401,1943552,1679775,1484888,1334444,1214446,3
0,0,0,0,0,0,0,0,0,0
14091239,8093292,5851297,4648375,3888420,3360688,2970782,2669791,2429714,4
7043993,4045712,2924973,2323651,1943761,1679956,1485048,1334587,1214576,4
0,0,0,0,0,0,0,0,0,0
14088742,8091857,5850260,4647552,3887731,3360092,2970256,2669317,2429284,4
7046223,4046992,2925900,2324387,1944376,1680488,1485518,1335009,1214961,4
0,0,0,0,0,0,0,0,0,0
14090047,8092607,5850803,4647982,3888092,3360404,2970531,2669564,2429508,4
7045175,4046390,2925464,2324041,1944088,1680238,1485297,1334811,1214780,4
0,0,0,0,0,0,0,0,0,0
14089412,8092242,5850539,4647772,3887916,3360252,2970396,2669444,2429399,4
7044275,4045873,2925090,2323744,1943839,1680024,1485108,1334640,1214625,4
0,0,0,0,0,0,0,0,0,0
14090656,8092957,5851056,4648184,3888260,3360549,2970659,2669680,2429614,3
7047235,4047573,2926320,2324720,1944656,1680729,1485732,1335201,1215136,4
0,0,0,0,0,0,0,0,0,0
14091336,8093348,5851338,4648408,3888447,3360711,2970802,2669809,2429731,4
7044703,4046119,2925268,2323885,1943957,1680125,1485197,1334721,1214699,5
0,0,0,0,0,0,0,0,0,0
14089712,8092414,5850664,4647872,3887999,3360324,2970460,2669501,2429451,4
7044306,4045891,2925103,2323754,1943848,1680031,1485114,1334646,1214631,4
0,0,0,0,0,0,0,0,0,0
14090429,8092827,5850961,4648108,3888196,3360495,2970611,2669637,2429575,4
7044898,4046232,2925349,2323950,1944011,1680172,1485239,1334759,1214732,4
0,0,0,0,0,0,0,0,0,0
14090375,8092795,5850939,4648090,3888182,3360482,2970600,2669627,2429565,4
7046226,4046994,2925900,2324388,1944377,1680488,1485519,1335010,1214962,5
