324712,186498,134834,107115,89603,77442,68457,61521,55989,51463,47685,44478,41720,39318,37207,35334,33662,32157,30796,9
259770,149199,107868,85692,71683,61954,54766,49217,44792,41171,38148,35583,33376,31455,29766,28268,26930,25726,24637,8
259770,149199,107868,85692,71683,61954,54766,49217,44792,41171,38148,35583,33376,31455,29766,28268,26930,25726,24637,8
259770,149199,107868,85692,71683,61954,54766,49217,44792,41171,38148,35583,33376,31455,29766,28268,26930,25726,24637,8
259770,149199,107868,85692,71683,61954,54766,49217,44792,41171,38148,35583,33376,31455,29766,28268,26930,25726,24637,8
259770,149199,107868,85692,71683,61954,54766,49217,44792,41171,38148,35583,33376,31455,29766,28268,26930,25726,24637,8
259770,149199,107868,85692,71683,61954,54766,49217,44792,41171,38148,35583,33376,31455,29766,28268,26930,25726,24637,8
259770,149199,107868,85692,71683,61954,54766,49217,44792,41171,38148,35583,33376,31455,29766,28268,26930,25726,24637,8
259770,149199,107868,85692,71683,61954,54766,49217,44792,41171,38148,35583,33376,31455,29766,28268,26930,25726,24637,8
259770,149199,107868,85692,71683,61954,54766,49217,44792,41171,38148,35583,33376,31455,29766,28268,26930,25726,24637,8
259770,149199,107868,85692,71683,61954,54766,49217,44792,41171,38148,35583,33376,31455,29766,28268,26930,25726,24637,8
259770,149199,107868,85692,71683,61954,54766,49217,44792,41171,38148,35583,33376,31455,29766,28268,26930,25726,24637,8
259770,149199,107868,85692,71683,61954,54766,49217,44792,41171,38148,35583,33376,31455,29766,28268,26930,25726,24637,8
259770,149199,107868,85692,71683,61954,54766,49217,44792,41171,38148,35583,33376,31455,29766,28268,26930,25726,24637,8
259770,149199,107868,85692,71683,61954,54766,49217,44792,41171,38148,35583,33376,31455,29766,28268,26930,25726,24637,8
259770,149199,107868,85692,71683,61954,54766,49217,44792,41171,38148,35583,33376,31455,29766,28268,26930,25726,24637,8
259770,149199,107868,85692,71683,61954,54766,49217,44792,41171,38148,35583,33376,31455,29766,28268,26930,25726,24637,8
259770,149199,107868,85692,71683,61954,54766,49217,44792,41171,38148,35583,33376,31455,29766,28268,26930,25726,24637,8
259770,149199,107868,85692,71683,61954,54766,49217,44792,41171,38148,35583,33376,31455,29766,28268,26930,25726,24637,8
259770,149199,107868,85692,71683,61954,54766,49217,44792,41171,38148,35583,33376,31455,29766,28268,26930,25726,24637,8
259770,149199,107868,85692,71683,61954,54766,49217,44792,41171,38148,35583,33376,31455,29766,28268,26930,25726,24637,8
259770,149199,107868,85692,71683,61954,54766,49217,44792,41171,38148,35583,33376,31455,29766,28268,26930,25726,24637,8
259770,149199,107868,85692,71683,61954,54766,49217,44792,41171,38148,35583,33376,31455,29766,28268,26930,25726,24637,8
259770,149199,107868,85692,71683,61954,54766,49217,44792,41171,38148,35583,33376,31455,29766,28268,26930,25726,24637,8
259770,149199,107868,85692,71683,61954,54766,49217,44792,41171,38148,35583,33376,31455,29766,28268,26930,25726,24637,8
259770,149199,107868,85692,71683,61954,54766,49217,44792,41171,38148,35583,33376,31455,29766,28268,26930,25726,24637,8
259770,149199,107868,85692,71683,61954,54766,49217,44792,41171,38148,35583,33376,31455,29766,28268,26930,25726,24637,8
259770,149199,107868,85692,71683,61954,54766,49217,44792,41171,38148,35583,33376,31455,29766,28268,26930,25726,24637,8
259770,149199,107868,85692,71683,61954,54766,49217,44792,41171,38148,35583,33376,31455,29766,28268,26930,25726,24637,8
259770,149199,107868,85692,71683,61954,54766,49217,44792,41171,38148,35583,33376,31455,29766,28268,26930,25726,24637,8
259770,149199,107868,85692,71683,61954,54766,49217,44792,41171,38148,35583,33376,31455,29766,28268,26930,25726,24637,8
259770,149199,107868,85692,71683,61954,54766,49217,44792,41171,38148,35583,33376,31455,29766,28268,26930,25726,24637,8
259770,149199,107868,85692,71683,61954,54766,49217,44792,41171,38148,35583,33376,31455,29766,28268,26930,25726,24637,8
259770,149199,107868,85692,71683,61954,54766,49217,44792,41171,38148,35583,33376,31455,29766,28268,26930,25726,24637,8
259770,149199,107868,85692,71683,61954,54766,49217,44792,41171,38148,35583,33376,31455,29766,28268,26930,25726,24637,8
259770,149199,107868,85692,71683,61954,54766,49217,44792,41171,38148,35583,33376,31455,29766,28268,26930,25726,24637,8
259770,149199,107868,85692,71683,61954,54766,49217,44792,41171,38148,35583,33376,31455,29766,28268,26930,25726,24637,8
259770,149199,107868,85692,71683,61954,54766,49217,44792,41171,38148,35583,33376,31455,29766,28268,26930,25726,24637,8
259770,149199,107868,85692,71683,61954,54766,49217,44792,41171,38148,35583,33376,31455,29766,28268,26930,25726,24637,8
259770,149199,107868,85692,71683,61954,54766,49217,44792,41171,38148,35583,33376,31455,29766,28268,26930,25726,24637,8
259770,149199,107868,85692,71683,61954,54766,49217,44792,41171,38148,35583,33376,31455,29766,28268,26930,25726,24637,8
259770,149199,107868,85692,71683,61954,54766,49217,44792,41171,38148,35583,33376,31455,29766,28268,26930,25726,24637,8
259770,149199,107868,85692,71683,61954,54766,49217,44792,41171,38148,35583,33376,31455,29766,28268,26930,25726,24637,8
259770,149199,107868,85692,71683,61954,54766,49217,44792,41171,38148,35583,33376,31455,29766,28268,26930,25726,24637,8
259770,149199,107868,85692,71683,61954,54766,49217,44792,41171,38148,35583,33376,31455,29766,28268,26930,25726,24637,8
259770,149199,107868,85692,71683,61954,54766,49217,44792,41171,38148,35583,33376,31455,29766,28268,26930,25726,24637,8
259770,149199,107868,85692,71683,61954,54766,49217,44792,41171,38148,35583,33376,31455,29766,28268,26930,25726,24637,8
259770,149199,107868,85692,71683,61954,54766,49217,44792,41171,38148,35583,33376,31455,29766,28268,26930,25726,24637,8
259770,149199,107868,85692,71683,61954,54766,49217,44792,41171,38148,35583,33376,31455,29766,28268,26930,25726,24637,8
259770,149199,107868,85692,71683,61954,54766,49217,44792,41171,38148,35583,33376,31455,29766,28268,26930,25726,24637,8
259770,149199,107868,85692,71683,61954,54766,49217,44792,41171,38148,35583,33376,31455,29766,28268,26930,25726,24637,8
259770,149199,107868,85692,71683,61954,54766,49217,44792,41171,38148,35583,33376,31455,29766,28268,26930,25726,24637,8
259770,149199,107868,85692,71683,61954,54766,49217,44792,41171,38148,35583,33376,31455,29766,28268,26930,25726,24637,8
259770,149199,107868,85692,71683,61954,54766,49217,44792,41171,38148,35583,33376,31455,29766,28268,26930,25726,24637,8
259770,149199,107868,85692,71683,61954,54766,49217,44792,41171,38148,35583,33376,31455,29766,28268,26930,25726,24637,8
259770,149199,107868,85692,71683,61954,54766,49217,44792,41171,38148,35583,33376,31455,29766,28268,26930,25726,24637,8
259770,149199,107868,85692,71683,61954,54766,49217,44792,41171,38148,35583,33376,31455,29766,28268,26930,25726,24637,8
259770,149199,107868,85692,71683,61954,54766,49217,44792,41171,38148,35583,33376,31455,29766,28268,26930,25726,24637,8
259770,149199,107868,85692,71683,61954,54766,49217,44792,41171,38148,35583,33376,31455,29766,28268,26930,25726,24637,8
259770,149199,107868,85692,71683,61954,54766,49217,44792,41171,38148,35583,33376,31455,29766,28268,26930,25726,24637,8
