0,0,0,0,0,0,0,0,0,0,0,0,0,0,0,0,0,0,0,0
5195408,2983978,2157360,1713845,1433652,1239078,1095320,984346,895830,823416,762967,711664,667521,629096,595315,565358,538592,514520,492739,7
2597132,1491660,1078443,856734,716668,619403,547540,492064,447816,411618,381400,355753,333687,314479,297592,282617,269237,257203,246315,8
0,0,0,0,0,0,0,0,0,0,0,0,0,0,0,0,0,0,0,0
5195990,2984312,2157602,1714037,1433812,1239217,1095444,984456,895931,823509,763052,711744,667596,629167,595381,565421,538653,514577,492794,8
2597561,1491908,1078621,856876,716787,619505,547630,492146,447891,411686,381462,355812,333742,314531,297641,282664,269282,257245,246356,8
0,0,0,0,0,0,0,0,0,0,0,0,0,0,0,0,0,0,0,0
5194603,2983516,2157026,1713580,1433430,1238886,1095151,984193,895692,823289,762848,711553,667418,628999,595223,565271,538509,514440,492663,7
2598582,1492493,1079044,857212,717068,619748,547845,492339,448066,411848,381612,355952,333873,314655,297758,282775,269388,257347,246452,8
0,0,0,0,0,0,0,0,0,0,0,0,0,0,0,0,0,0,0,0
5195757,2984179,2157505,1713960,1433748,1239161,1095394,984412,895890,823472,763018,711712,667566,629139,595355,565396,538629,514554,492772,8
2598307,1492336,1078931,857122,716992,619683,547788,492287,448019,411804,381572,355914,333838,314621,297727,282744,269359,257320,246427,8
0,0,0,0,0,0,0,0,0,0,0,0,0,0,0,0,0,0,0,0
5195244,2983884,2157292,1713792,1433606,1239039,1095286,984315,895802,823391,762943,711641,667500,629076,595296,565340,538576,514503,492724,8
2597491,1491867,1078592,856852,716767,619488,547616,492132,447878,411675,381452,355803,333733,314523,297633,282656,269274,257239,246349,8
0,0,0,0,0,0,0,0,0,0,0,0,0,0,0,0,0,0,0,0
5195683,2984136,2157474,1713936,1433728,1239144,1095379,984398,895877,823460,763007,711701,667556,629130,595346,565388,538621,514547,492765,5
2598439,1492412,1078985,857165,717028,619714,547816,492312,448042,411825,381592,355932,333855,314637,297742,282759,269372,257332,246439,8
0,0,0,0,0,0,0,0,0,0,0,0,0,0,0,0,0,0,0,0
5196144,2984401,2157666,1714088,1433855,1239253,1095476,984485,895957,823533,763075,711764,667616,629185,595399,565438,538669,514592,492808,8
2597868,1492084,1078748,856977,716871,619578,547695,492204,447944,411734,381508,355854,333782,314568,297676,282697,269313,257276,246385,8
0,0,0,0,0,0,0,0,0,0,0,0,0,0,0,0,0,0,0,0
5195628,2984104,2157452,1713918,1433712,1239130,1095367,984388,895868,823452,762999,711693,667549,629123,595340,565382,538616,514541,492760,8
2597464,1491852,1078580,856844,716760,619482,547610,492128,447874,411670,381448,355799,333730,314519,297630,282653,269272,257236,246347,7
0,0,0,0,0,0,0,0,0,0,0,0,0,0,0,0,0,0,0,0
5195964,2984298,2157592,1714029,1433805,1239211,1095438,984452,895926,823505,763048,711740,667592,629164,595379,565419,538651,514575,492792,7
2597965,1492140,1078788,857009,716898,619601,547716,492223,447960,411750,381522,355868,333794,314580,297688,282708,269324,257285,246394,8
0,0,0,0,0,0,0,0,0,0,0,0,0,0,0,0,0,0,0,0
5196016,2984328,2157612,1714046,1433820,1239223,1095448,984461,895935,823513,763056,711747,667599,629170,595384,565424,538656,514580,492796,9
2598166,1492255,1078872,857076,716953,619649,547758,492260,447995,411782,381551,355895,333820,314604,297710,282729,269344,257305,246413,8
0,0,0,0,0,0,0,0,0,0,0,0,0,0,0,0,0,0,0,0
5195661,2984124,2157465,1713929,1433721,1239138,1095374,984394,895874,823456,763004,711698,667553,629127,595344,565386,538619,514544,492763,8
2596905,1491531,1078348,856660,716605,619348,547492,492021,447777,411582,381366,355722,333658,314452,297566,282592,269214,257180,246294,8
0,0,0,0,0,0,0,0,0,0,0,0,0,0,0,0,0,0,0,0
5195601,2984089,2157440,1713909,1433705,1239124,1095361,984383,895864,823448,762995,711690,667546,629120,595337,565380,538613,514539,492757,7
2597036,1491605,1078402,856702,716641,619380,547520,492046,447800,411602,381385,355740,333675,314468,297580,282606,269227,257193,246306,8
0,0,0,0,0,0,0,0,0,0,0,0,0,0,0,0,0,0,0,0
5195148,2983828,2157252,1713760,1433580,1239016,1095266,984296,895785,823376,762928,711628,667488,629065,595285,565330,538566,514493,492714,8
2597660,1491964,1078661,856908,716813,619528,547651,492164,447908,411701,381476,355826,333755,314543,297652,282674,269292,257256,246365,8
0,0,0,0,0,0,0,0,0,0,0,0,0,0,0,0,0,0,0,0
5194956,2983719,2157172,1713696,1433527,1238970,1095225,984260,895752,823345,762900,711601,667463,629042,595263,565309,538546,514475,492696,9
2597161,1491677,1078455,856744,716676,619409,547546,492070,447821,411622,381404,355757,333691,314483,297595,282620,269240,257206,246318,8
0,0,0,0,0,0,0,0,0,0,0,0,0,0,0,0,0,0,0,0
5195001,2983744,2157191,1713712,1433540,1238981,1095235,984268,895760,823352,762907,711608,667468,629047,595268,565314,538551,514479,492700,8
2597313,1491765,1078518,856794,716718,619446,547578,492099,447848,411647,381426,355778,333710,314501,297612,282636,269256,257221,246332,8
0,0,0,0,0,0,0,0,0,0,0,0,0,0,0,0,0,0,0,0
5195480,2984020,2157390,1713869,1433672,1239096,1095336,984360,895843,823428,762977,711673,667530,629105,595323,565366,538600,514527,492746,7
2598548,1492474,1079031,857201,717059,619740,547838,492333,448060,411842,381608,355948,333869,314651,297754,282771,269384,257344,246449,7
0,0,0,0,0,0,0,0,0,0,0,0,0,0,0,0,0,0,0,0
5195520,2984043,2157407,1713883,1433683,1239104,1095344,984367,895849,823435,762983,711679,667536,629110,595328,565370,538604,514530,492749,8
2597252,1491729,1078492,856773,716701,619431,547565,492087,447837,411636,381417,355770,333703,314493,297605,282630,269249,257215,246327,8
0,0,0,0,0,0,0,0,0,0,0,0,0,0,0,0,0,0,0,0
5194838,2983651,2157124,1713657,1433495,1238942,1095200,984238,895732,823326,762883,711585,667448,629028,595249,565296,538534,514463,492684,10
2597363,1491793,1078539,856810,716732,619458,547588,492108,447856,411654,381433,355785,333716,314507,297618,282642,269261,257226,246337,8
0,0,0,0,0,0,0,0,0,0,0,0,0,0,0,0,0,0,0,0
5195030,2983761,2157204,1713721,1433548,1238988,1095241,984274,895765,823357,762911,711612,667472,629051,595272,565317,538554,514482,492703,8
2597299,1491756,1078512,856789,716714,619442,547575,492096,447845,411644,381424,355776,333708,314499,297611,282635,269254,257220,246331,8
0,0,0,0,0,0,0,0,0,0,0,0,0,0,0,0,0,0,0,0
5194939,2983709,2157165,1713691,1433522,1238966,1095222,984257,895749,823342,762898,711599,667460,629040,595261,565307,538544,514473,492694,8
2598077,1492204,1078835,857046,716929,619628,547739,492244,447980,411768,381538,355883,333808,314593,297700,282720,269335,257296,246405,8
