0,0,0,0,0,0,0,0,0,0,0,0,0,0,0,0,0,0,0,0,0,0,0,0,0,0,0,0,0,0,0,0,0,0,0,0,0,0,0,0,0,0,0,0,0,0,0,0,0,0
1483110,851823,615852,489244,409258,353714,312676,280996,255728,235057,217800,203156,190554,179585,169942,161390,153750,146877,140660,135005,129837,125094,120724,116682,112933,109444,106190,103144,100289,97606,95079,92694,90440,88306,86282,84359,82530,80788,79127,77540,76024,74572,73181,71848,70568,69337,68155,67016,65920,21
741148,425678,307757,244488,204517,176760,156252,140421,127794,117464,108840,101522,95225,89744,84924,80651,76832,73399,70292,67465,64883,62512,60328,58309,56436,54692,53066,51544,50117,48776,47513,46322,45196,44129,43117,42156,41242,40372,39541,38748,37991,37265,36571,35904,35264,34650,34059,33490,32942,19
0,0,0,0,0,0,0,0,0,0,0,0,0,0,0,0,0,0,0,0,0,0,0,0,0,0,0,0,0,0,0,0,0,0,0,0,0,0,0,0,0,0,0,0,0,0,0,0,0,0
1482797,851644,615722,489140,409172,353640,312611,280938,255675,235008,217755,203112,190514,179548,169906,161356,153717,146847,140630,134976,129809,125068,120698,116657,112909,109422,106168,103123,100268,97585,95059,92675,90421,88288,86264,84341,82512,80771,79110,77524,76008,74556,73166,71832,70552,69323,68140,67002,65906,20
741289,425759,307816,244534,204556,176794,156282,140448,127819,117487,108861,101541,95243,89760,84940,80666,76848,73412,70305,67478,64895,62524,60340,58320,56446,54703,53076,51554,50127,48785,47523,46331,45204,44137,43125,42164,41250,40380,39549,38756,37998,37272,36577,35911,35271,34656,34065,33496,32948,21
0,0,0,0,0,0,0,0,0,0,0,0,0,0,0,0,0,0,0,0,0,0,0,0,0,0,0,0,0,0,0,0,0,0,0,0,0,0,0,0,0,0,0,0,0,0,0,0,0,0
1482478,851460,615589,489036,409084,353564,312543,280877,255620,234957,217708,203068,190473,179508,169869,161321,153684,146815,140600,134948,129781,125040,120672,116632,112885,109398,106144,103100,100247,97564,95038,92655,90402,88268,86245,84323,82495,80753,79092,77507,75991,74540,73150,71816,70537,69308,68125,66988,65892,23
741880,426099,308061,244729,204719,176935,156407,140560,127920,117580,108948,101622,95319,89832,85008,80731,76908,73471,70361,67532,64947,62574,60388,58367,56492,54746,53118,51595,50167,48824,47560,46368,45240,44172,43160,42198,41283,40412,39580,38787,38028,37302,36607,35940,35299,34684,34092,33523,32975,20
0,0,0,0,0,0,0,0,0,0,0,0,0,0,0,0,0,0,0,0,0,0,0,0,0,0,0,0,0,0,0,0,0,0,0,0,0,0,0,0,0,0,0,0,0,0,0,0,0,0
1482781,851634,615716,489136,409168,353636,312607,280935,255672,235005,217752,203110,190512,179545,169904,161355,153716,146845,140628,134975,129808,125066,120696,116656,112908,109420,106166,103122,100267,97584,95058,92674,90420,88287,86263,84340,82512,80770,79109,77523,76006,74555,73165,71832,70552,69322,68140,67001,65905,19
741153,425680,307759,244489,204518,176761,156253,140422,127795,117465,108841,101523,95225,89744,84925,80652,76833,73399,70292,67466,64884,62513,60329,58309,56436,54692,53066,51544,50117,48776,47514,46322,45196,44129,43117,42156,41243,40372,39542,38749,37991,37266,36571,35904,35264,34650,34059,33490,32942,20
0,0,0,0,0,0,0,0,0,0,0,0,0,0,0,0,0,0,0,0,0,0,0,0,0,0,0,0,0,0,0,0,0,0,0,0,0,0,0,0,0,0,0,0,0,0,0,0,0,0
1482963,851738,615791,489195,409217,353679,312645,280969,255703,235034,217779,203135,190536,179568,169925,161374,153734,146863,140646,134992,129824,125081,120712,116671,112922,109434,106179,103135,100280,97596,95069,92685,90432,88297,86273,84351,82522,80780,79119,77532,76016,74564,73174,71840,70560,69331,68148,67010,65913,18
740788,425471,307608,244368,204417,176674,156176,140353,127732,117407,108788,101472,95179,89700,84883,80612,76796,73363,70257,67432,64852,62482,60299,58280,56408,54666,53040,51519,50093,48752,47490,46300,45173,44108,43096,42136,41222,40352,39522,38730,37972,37248,36552,35887,35247,34632,34042,33473,32926,21
0,0,0,0,0,0,0,0,0,0,0,0,0,0,0,0,0,0,0,0,0,0,0,0,0,0,0,0,0,0,0,0,0,0,0,0,0,0,0,0,0,0,0,0,0,0,0,0,0,0
1482729,851604,615694,489118,409153,353624,312596,280924,255663,234996,217744,203104,190505,179540,169898,161349,153710,146840,140624,134970,129804,125061,120692,116652,112904,109416,106163,103118,100264,97581,95055,92671,90417,88284,86260,84337,82509,80767,79106,77520,76004,74552,73162,71829,70549,69320,68137,66999,65903,20
741486,425872,307897,244599,204610,176840,156324,140485,127852,117517,108890,101568,95268,89784,84963,80688,76868,73432,70324,67496,64912,62541,60356,58336,56461,54717,53090,51568,50140,48799,47535,46343,45216,44149,43137,42176,41261,40390,39560,38766,38008,37282,36587,35920,35280,34665,34074,33505,32957,20
0,0,0,0,0,0,0,0,0,0,0,0,0,0,0,0,0,0,0,0,0,0,0,0,0,0,0,0,0,0,0,0,0,0,0,0,0,0,0,0,0,0,0,0,0,0,0,0,0,0
1483463,852025,615998,489360,409356,353798,312751,281064,255789,235113,217852,203204,190600,179628,169982,161428,153786,146912,140693,135037,129868,125124,120752,116710,112960,109471,106215,103169,100313,97629,95101,92716,90462,88327,86302,84379,82550,80807,79145,77558,76041,74589,73199,71864,70584,69354,68171,67032,65936,21
741286,425756,307814,244533,204555,176792,156281,140448,127818,117486,108860,101540,95243,89760,84940,80666,76847,73412,70304,67478,64895,62524,60340,58320,56446,54703,53076,51554,50127,48785,47522,46330,45204,44137,43125,42164,41250,40380,39549,38756,37998,37272,36577,35911,35271,34656,34065,33496,32948,18
0,0,0,0,0,0,0,0,0,0,0,0,0,0,0,0,0,0,0,0,0,0,0,0,0,0,0,0,0,0,0,0,0,0,0,0,0,0,0,0,0,0,0,0,0,0,0,0,0,0
1483050,851788,615827,489224,409241,353700,312664,280985,255718,235048,217792,203147,190547,179578,169935,161384,153744,146872,140654,135000,129832,125088,120718,116677,112928,109440,106185,103140,100285,97602,95075,92691,90436,88303,86278,84356,82527,80784,79124,77536,76020,74568,73178,71844,70564,69335,68152,67013,65917,23
741165,425688,307764,244493,204522,176764,156256,140424,127797,117467,108843,101524,95227,89745,84926,80652,76835,73400,70293,67467,64884,62514,60330,58311,56437,54694,53067,51545,50118,48777,47515,46323,45196,44130,43118,42157,41244,40372,39543,38749,37992,37266,36572,35905,35265,34651,34060,33491,32943,19
0,0,0,0,0,0,0,0,0,0,0,0,0,0,0,0,0,0,0,0,0,0,0,0,0,0,0,0,0,0,0,0,0,0,0,0,0,0,0,0,0,0,0,0,0,0,0,0,0,0
1482824,851659,615733,489149,409179,353646,312616,280943,255680,235012,217759,203116,190517,179551,169909,161359,153720,146849,140632,134979,129812,125069,120700,116660,112912,109424,106169,103124,100270,97587,95060,92676,90423,88289,86265,84343,82514,80772,79111,77525,76008,74557,73167,71833,70554,69324,68141,67004,65907,21
741639,425960,307960,244649,204652,176877,156356,140514,127879,117542,108912,101589,95288,89803,84980,80704,76884,73447,70338,67510,64926,62554,60368,58348,56473,54728,53101,51578,50150,48808,47544,46352,45225,44158,43146,42184,41270,40399,39568,38774,38016,37290,36595,35928,35288,34672,34081,33512,32964,21
0,0,0,0,0,0,0,0,0,0,0,0,0,0,0,0,0,0,0,0,0,0,0,0,0,0,0,0,0,0,0,0,0,0,0,0,0,0,0,0,0,0,0,0,0,0,0,0,0,0
1483004,851762,615808,489209,409229,353689,312654,280976,255711,235040,217785,203141,190540,179572,169930,161379,153739,146867,140650,134996,129828,125084,120715,116674,112925,109437,106182,103137,100282,97599,95072,92688,90434,88300,86276,84353,82524,80782,79121,77535,76018,74566,73176,71842,70562,69332,68150,67012,65916,19
741456,425855,307885,244589,204602,176833,156317,140480,127848,117513,108886,101564,95264,89780,84960,80684,76864,73429,70320,67493,64910,62539,60353,58333,56459,54715,53088,51565,50138,48796,47533,46341,45214,44147,43135,42174,41260,40388,39558,38764,38007,37281,36586,35919,35279,34664,34072,33504,32956,20
0,0,0,0,0,0,0,0,0,0,0,0,0,0,0,0,0,0,0,0,0,0,0,0,0,0,0,0,0,0,0,0,0,0,0,0,0,0,0,0,0,0,0,0,0,0,0,0,0,0
1482640,851553,615657,489089,409128,353602,312577,280908,255648,234983,217732,203091,190494,179528,169888,161340,153701,146831,140616,134962,129796,125054,120685,116645,112897,109410,106156,103112,100258,97575,95048,92665,90412,88278,86255,84332,82504,80762,79101,77516,75999,74548,73158,71824,70545,69316,68133,66995,65899,21
741412,425829,307867,244575,204590,176823,156308,140472,127840,117506,108880,101558,95259,89776,84955,80680,76860,73424,70316,67489,64906,62535,60350,58330,56456,54712,53084,51563,50135,48793,47530,46338,45212,44144,43132,42172,41257,40386,39556,38763,38004,37279,36584,35916,35277,34662,34071,33502,32954,19
0,0,0,0,0,0,0,0,0,0,0,0,0,0,0,0,0,0,0,0,0,0,0,0,0,0,0,0,0,0,0,0,0,0,0,0,0,0,0,0,0,0,0,0,0,0,0,0,0,0
1482690,851582,615677,489105,409142,353614,312588,280917,255656,234991,217739,203098,190500,179535,169894,161344,153706,146836,140620,134967,129800,125058,120689,116649,112901,109414,106160,103116,100261,97578,95052,92668,90415,88281,86257,84335,82507,80765,79104,77518,76002,74551,73160,71827,70548,69318,68136,66997,65901,16
741221,425720,307788,244512,204537,176777,156268,140435,127807,117476,108852,101532,95234,89752,84932,80659,76840,73406,70298,67472,64889,62519,60335,58315,56441,54698,53071,51549,50122,48781,47518,46326,45200,44133,43121,42160,41247,40376,39545,38752,37995,37269,36574,35908,35268,34653,34062,33493,32945,20
0,0,0,0,0,0,0,0,0,0,0,0,0,0,0,0,0,0,0,0,0,0,0,0,0,0,0,0,0,0,0,0,0,0,0,0,0,0,0,0,0,0,0,0,0,0,0,0,0,0
1482623,851544,615650,489083,409124,353598,312573,280904,255644,234980,217729,203088,190492,179526,169886,161337,153699,146829,140614,134960,129794,125052,120684,116644,112896,109408,106155,103111,100256,97574,95048,92664,90411,88277,86253,84332,82503,80761,79100,77515,75998,74547,73157,71824,70544,69315,68132,66994,65898,23
741384,425813,307855,244565,204582,176816,156302,140466,127835,117501,108875,101554,95255,89772,84952,80676,76857,73422,70314,67487,64904,62532,60348,58328,56453,54710,53083,51560,50133,48792,47528,46336,45210,44143,43131,42170,41256,40384,39554,38761,38003,37277,36582,35916,35276,34660,34069,33500,32952,20
0,0,0,0,0,0,0,0,0,0,0,0,0,0,0,0,0,0,0,0,0,0,0,0,0,0,0,0,0,0,0,0,0,0,0,0,0,0,0,0,0,0,0,0,0,0,0,0,0,0
1483192,851870,615886,489271,409280,353733,312693,281012,255743,235070,217812,203167,190564,179596,169951,161399,153758,146885,140668,135012,129844,125100,120730,116688,112940,109451,106196,103150,100295,97612,95084,92700,90445,88311,86287,84364,82535,80792,79131,77544,76028,74576,73185,71852,70571,69341,68158,67020,65924,20
741500,425880,307903,244604,204614,176844,156327,140488,127855,117520,108892,101570,95270,89786,84964,80689,76869,73433,70324,67497,64913,62542,60357,58336,56462,54718,53091,51568,50141,48800,47536,46344,45216,44150,43138,42176,41262,40391,39560,38767,38008,37283,36588,35921,35281,34666,34075,33506,32957,23
0,0,0,0,0,0,0,0,0,0,0,0,0,0,0,0,0,0,0,0,0,0,0,0,0,0,0,0,0,0,0,0,0,0,0,0,0,0,0,0,0,0,0,0,0,0,0,0,0,0
1483676,852148,616087,489430,409414,353849,312796,281104,255826,235147,217884,203233,190627,179654,170007,161452,153808,146933,140713,135056,129886,125141,120769,116727,112976,109487,106230,103184,100328,97643,95115,92730,90475,88340,86315,84391,82561,80819,79156,77569,76052,74600,73209,71875,70594,69364,68180,67042,65945,21
741492,425876,307900,244601,204612,176842,156325,140487,127853,117519,108891,101569,95269,89785,84964,80688,76868,73432,70324,67496,64913,62541,60356,58336,56462,54718,53090,51568,50140,48799,47536,46344,45216,44149,43137,42176,41261,40391,39560,38767,38008,37283,36588,35920,35280,34666,34075,33505,32957,19
0,0,0,0,0,0,0,0,0,0,0,0,0,0,0,0,0,0,0,0,0,0,0,0,0,0,0,0,0,0,0,0,0,0,0,0,0,0,0,0,0,0,0,0,0,0,0,0,0,0
1482971,851743,615794,489198,409220,353681,312647,280971,255704,235035,217780,203136,190536,179568,169926,161375,153736,146864,140647,134992,129824,125082,120712,116671,112923,109435,106180,103135,100280,97597,95070,92686,90432,88298,86274,84351,82522,80780,79119,77532,76016,74564,73174,71840,70560,69331,68148,67010,65914,21
741768,426033,308014,244692,204688,176908,156383,140539,127901,117562,108932,101607,95304,89819,84996,80718,76897,73460,70350,67522,64937,62564,60379,58358,56483,54738,53110,51587,50159,48817,47553,46360,45233,44166,43153,42192,41277,40405,39575,38781,38023,37296,36601,35934,35294,34679,34087,33518,32969,19
0,0,0,0,0,0,0,0,0,0,0,0,0,0,0,0,0,0,0,0,0,0,0,0,0,0,0,0,0,0,0,0,0,0,0,0,0,0,0,0,0,0,0,0,0,0,0,0,0,0
1483071,851800,615836,489231,409248,353704,312668,280989,255722,235051,217795,203150,190549,179580,169937,161386,153746,146874,140656,135001,129833,125090,120720,116679,112930,109442,106187,103142,100287,97604,95076,92692,90438,88304,86280,84356,82528,80786,79124,77538,76021,74570,73179,71845,70565,69336,68152,67015,65918,22
741440,425845,307878,244584,204597,176830,156314,140476,127844,117510,108884,101562,95262,89779,84958,80683,76863,73428,70319,67492,64908,62537,60352,58332,56458,54714,53087,51564,50137,48796,47532,46340,45213,44146,43134,42173,41259,40388,39557,38764,38006,37280,36585,35918,35278,34664,34072,33503,32955,17
0,0,0,0,0,0,0,0,0,0,0,0,0,0,0,0,0,0,0,0,0,0,0,0,0,0,0,0,0,0,0,0,0,0,0,0,0,0,0,0,0,0,0,0,0,0,0,0,0,0
1482608,851535,615644,489078,409120,353594,312571,280902,255642,234977,217727,203087,190490,179524,169884,161336,153698,146828,140612,134959,129793,125052,120683,116643,112895,109408,106154,103110,100256,97573,95047,92663,90410,88276,86252,84331,82502,80760,79100,77514,75997,74547,73156,71823,70544,69314,68132,66994,65897,17
741221,425720,307788,244512,204537,176777,156268,140436,127807,117476,108852,101532,95234,89752,84932,80659,76840,73406,70298,67472,64889,62519,60335,58315,56441,54698,53071,51549,50122,48781,47518,46326,45200,44133,43121,42160,41247,40376,39545,38752,37995,37269,36574,35908,35268,34653,34062,33493,32945,20
0,0,0,0,0,0,0,0,0,0,0,0,0,0,0,0,0,0,0,0,0,0,0,0,0,0,0,0,0,0,0,0,0,0,0,0,0,0,0,0,0,0,0,0,0,0,0,0,0,0
1483327,851948,615942,489316,409318,353766,312722,281038,255766,235092,217832,203185,190582,179612,169967,161414,153772,146899,140680,135024,129856,125112,120741,116699,112950,109460,106205,103160,100304,97620,95092,92708,90453,88319,86294,84372,82542,80800,79138,77552,76034,74583,73192,71858,70577,69348,68164,67026,65929,20
741323,425778,307830,244545,204565,176802,156289,140455,127824,117492,108866,101546,95248,89764,84944,80670,76851,73416,70308,67481,64898,62528,60343,58323,56449,54705,53078,51556,50129,48788,47524,46332,45206,44139,43128,42166,41252,40381,39551,38758,38000,37274,36579,35912,35272,34658,34067,33498,32950,20
0,0,0,0,0,0,0,0,0,0,0,0,0,0,0,0,0,0,0,0,0,0,0,0,0,0,0,0,0,0,0,0,0,0,0,0,0,0,0,0,0,0,0,0,0,0,0,0,0,0
1482636,851551,615656,489088,409128,353601,312576,280907,255647,234982,217731,203091,190493,179528,169888,161339,153700,146831,140615,134962,129796,125054,120684,116645,112897,109410,106156,103112,100257,97575,95048,92664,90412,88278,86254,84332,82504,80762,79101,77515,75999,74548,73158,71824,70544,69315,68133,66995,65899,22
741404,425825,307864,244572,204588,176821,156306,140470,127838,117504,108878,101557,95258,89775,84954,80679,76860,73424,70316,67488,64905,62534,60349,58329,56455,54712,53084,51562,50135,48793,47530,46338,45211,44144,43132,42171,41256,40386,39555,38762,38004,37278,36583,35916,35276,34662,34070,33501,32953,20
0,0,0,0,0,0,0,0,0,0,0,0,0,0,0,0,0,0,0,0,0,0,0,0,0,0,0,0,0,0,0,0,0,0,0,0,0,0,0,0,0,0,0,0,0,0,0,0,0,0
1482820,851656,615732,489148,409178,353645,312615,280942,255679,235011,217758,203116,190517,179550,169908,161359,153720,146849,140632,134979,129812,125069,120700,116660,112911,109424,106169,103124,100270,97587,95060,92676,90423,88288,86265,84343,82514,80772,79111,77524,76008,74557,73167,71833,70553,69324,68141,67003,65907,20
741168,425689,307765,244494,204522,176764,156256,140425,127798,117468,108844,101524,95228,89746,84927,80653,76835,73400,70293,67468,64884,62514,60330,58311,56437,54694,53067,51545,50119,48777,47515,46323,45196,44130,43118,42157,41244,40373,39543,38750,37992,37266,36572,35905,35265,34651,34060,33491,32943,20
0,0,0,0,0,0,0,0,0,0,0,0,0,0,0,0,0,0,0,0,0,0,0,0,0,0,0,0,0,0,0,0,0,0,0,0,0,0,0,0,0,0,0,0,0,0,0,0,0,0
1483410,851996,615976,489343,409341,353786,312740,281054,255780,235104,217844,203196,190593,179622,169976,161423,153781,146908,140688,135032,129863,125119,120748,116706,112956,109467,106211,103165,100310,97626,95098,92713,90459,88324,86300,84376,82547,80804,79143,77556,76039,74587,73196,71862,70581,69352,68168,67030,65933,20
741561,425915,307928,244624,204631,176859,156340,140500,127865,117529,108901,101579,95278,89793,84972,80696,76876,73440,70331,67503,64919,62548,60362,58341,56467,54723,53096,51572,50145,48804,47540,46348,45220,44153,43141,42180,41265,40394,39564,38770,38012,37286,36591,35924,35284,34669,34077,33508,32960,24
0,0,0,0,0,0,0,0,0,0,0,0,0,0,0,0,0,0,0,0,0,0,0,0,0,0,0,0,0,0,0,0,0,0,0,0,0,0,0,0,0,0,0,0,0,0,0,0,0,0
1483057,851792,615830,489226,409244,353701,312665,280987,255720,235048,217793,203148,190548,179579,169936,161384,153744,146872,140655,135000,129832,125089,120719,116678,112929,109440,106186,103141,100286,97603,95076,92691,90437,88303,86279,84356,82527,80785,79124,77537,76020,74569,73179,71845,70564,69335,68152,67014,65917,20
741448,425850,307881,244587,204600,176832,156316,140478,127846,117512,108884,101563,95264,89780,84959,80684,76864,73428,70320,67492,64909,62538,60353,58332,56458,54714,53087,51565,50137,48796,47532,46340,45214,44147,43135,42173,41259,40388,39557,38764,38006,37280,36585,35919,35279,34664,34072,33504,32955,18
0,0,0,0,0,0,0,0,0,0,0,0,0,0,0,0,0,0,0,0,0,0,0,0,0,0,0,0,0,0,0,0,0,0,0,0,0,0,0,0,0,0,0,0,0,0,0,0,0,0
1482536,851493,615613,489054,409100,353577,312555,280888,255629,234966,217716,203076,190480,179516,169876,161328,153690,146820,140605,134952,129787,125045,120676,116637,112889,109402,106148,103104,100251,97568,95042,92659,90405,88272,86248,84326,82498,80756,79096,77510,75994,74543,73152,71820,70540,69311,68128,66990,65894,23
741470,425863,307891,244594,204606,176837,156320,140482,127850,117515,108888,101566,95266,89783,84961,80686,76866,73430,70322,67495,64911,62540,60355,58335,56460,54716,53088,51567,50139,48797,47534,46342,45215,44148,43136,42175,41260,40389,39559,38765,38008,37281,36586,35920,35280,34664,34073,33504,32956,22
0,0,0,0,0,0,0,0,0,0,0,0,0,0,0,0,0,0,0,0,0,0,0,0,0,0,0,0,0,0,0,0,0,0,0,0,0,0,0,0,0,0,0,0,0,0,0,0,0,0
1482608,851535,615644,489078,409120,353595,312571,280902,255642,234977,217727,203087,190490,179524,169884,161336,153698,146828,140612,134959,129793,125052,120683,116643,112895,109408,106154,103110,100256,97573,95047,92663,90410,88276,86252,84331,82502,80760,79100,77514,75997,74547,73156,71823,70544,69314,68132,66994,65897,19
741484,425871,307896,244599,204609,176840,156323,140485,127852,117517,108890,101568,95268,89784,84963,80688,76868,73432,70324,67496,64912,62541,60356,58336,56461,54717,53090,51568,50140,48798,47535,46343,45216,44148,43136,42176,41261,40390,39560,38766,38008,37282,36587,35920,35280,34665,34074,33505,32956,20
0,0,0,0,0,0,0,0,0,0,0,0,0,0,0,0,0,0,0,0,0,0,0,0,0,0,0,0,0,0,0,0,0,0,0,0,0,0,0,0,0,0,0,0,0,0,0,0,0,0
1482900,851702,615764,489174,409200,353664,312632,280957,255692,235024,217770,203127,190527,179560,169918,161368,153728,146856,140640,134986,129818,125076,120706,116665,112917,109429,106175,103130,100275,97592,95065,92681,90428,88293,86269,84347,82518,80776,79116,77529,76012,74561,73171,71837,70557,69328,68145,67007,65911,20
741551,425909,307924,244620,204628,176856,156337,140497,127864,117528,108900,101577,95276,89792,84971,80695,76874,73438,70329,67502,64918,62547,60361,58340,56466,54722,53095,51572,50144,48803,47539,46347,45220,44152,43140,42180,41264,40394,39563,38770,38012,37286,36590,35924,35284,34668,34077,33508,32960,20
0,0,0,0,0,0,0,0,0,0,0,0,0,0,0,0,0,0,0,0,0,0,0,0,0,0,0,0,0,0,0,0,0,0,0,0,0,0,0,0,0,0,0,0,0,0,0,0,0,0
1482810,851651,615728,489145,409176,353643,312613,280940,255677,235009,217756,203114,190516,179549,169908,161358,153719,146848,140632,134977,129811,125068,120699,116659,112910,109423,106168,103124,100269,97586,95060,92676,90422,88288,86264,84342,82513,80772,79111,77524,76008,74556,73166,71833,70553,69324,68141,67003,65907,19
741172,425692,307767,244496,204524,176766,156257,140426,127798,117468,108844,101525,95228,89746,84927,80653,76835,73401,70294,67468,64885,62515,60331,58311,56437,54694,53068,51546,50119,48778,47515,46324,45197,44130,43119,42158,41244,40373,39543,38750,37992,37267,36572,35905,35265,34651,34060,33491,32943,19
0,0,0,0,0,0,0,0,0,0,0,0,0,0,0,0,0,0,0,0,0,0,0,0,0,0,0,0,0,0,0,0,0,0,0,0,0,0,0,0,0,0,0,0,0,0,0,0,0,0
1483206,851878,615892,489276,409284,353737,312696,281015,255745,235072,217815,203168,190567,179597,169953,161400,153760,146887,140669,135014,129845,125102,120731,116690,112940,109452,106196,103152,100296,97612,95085,92700,90446,88312,86288,84364,82536,80793,79132,77545,76028,74576,73186,71852,70572,69342,68159,67020,65924,20
741235,425728,307793,244516,204541,176780,156271,140438,127809,117478,108853,101534,95236,89754,84934,80660,76842,73407,70300,67473,64891,62520,60336,58316,56442,54699,53072,51550,50123,48782,47519,46327,45200,44134,43122,42161,41248,40376,39546,38753,37996,37270,36575,35908,35268,34654,34063,33494,32946,20
0,0,0,0,0,0,0,0,0,0,0,0,0,0,0,0,0,0,0,0,0,0,0,0,0,0,0,0,0,0,0,0,0,0,0,0,0,0,0,0,0,0,0,0,0,0,0,0,0,0
1482393,851412,615554,489008,409060,353543,312525,280861,255605,234944,217696,203057,190462,179499,169860,161312,153676,146807,140592,134940,129774,125033,120665,116626,112879,109392,106138,103095,100241,97559,95033,92649,90396,88264,86240,84318,82490,80749,79088,77503,75987,74536,73146,71812,70533,69304,68122,66984,65888,17
741049,425621,307716,244455,204489,176736,156232,140403,127777,117448,108826,101508,95212,89732,84913,80640,76823,73388,70282,67456,64874,62504,60320,58301,56428,54685,53059,51537,50111,48770,47507,46316,45189,44123,43112,42151,41237,40367,39536,38744,37986,37260,36565,35900,35260,34645,34054,33485,32937,17
0,0,0,0,0,0,0,0,0,0,0,0,0,0,0,0,0,0,0,0,0,0,0,0,0,0,0,0,0,0,0,0,0,0,0,0,0,0,0,0,0,0,0,0,0,0,0,0,0,0
1482196,851298,615472,488942,409006,353496,312484,280824,255571,234912,217666,203030,190436,179475,169837,161291,153655,146787,140573,134921,129756,125016,120649,116610,112864,109377,106124,103081,100228,97546,95020,92637,90384,88252,86228,84307,82479,80738,79078,77492,75976,74526,73136,71803,70524,69295,68112,66975,65880,20
741628,425953,307956,244646,204649,176874,156353,140512,127876,117540,108911,101588,95287,89801,84980,80703,76882,73446,70337,67509,64924,62553,60368,58347,56472,54728,53100,51577,50149,48808,47544,46352,45224,44157,43145,42184,41269,40398,39567,38774,38016,37289,36594,35928,35287,34672,34080,33512,32963,19
0,0,0,0,0,0,0,0,0,0,0,0,0,0,0,0,0,0,0,0,0,0,0,0,0,0,0,0,0,0,0,0,0,0,0,0,0,0,0,0,0,0,0,0,0,0,0,0,0,0
1483023,851773,615816,489215,409234,353693,312658,280980,255714,235044,217788,203144,190543,179575,169932,161381,153740,146869,140652,134997,129829,125086,120716,116676,112927,109438,106184,103139,100284,97600,95073,92689,90435,88301,86276,84354,82525,80783,79122,77536,76019,74568,73176,71844,70563,69333,68151,67012,65916,19
741261,425743,307804,244525,204548,176787,156276,140443,127814,117482,108857,101537,95240,89757,84937,80663,76844,73410,70302,67476,64892,62522,60338,58318,56444,54700,53074,51552,50125,48784,47520,46329,45202,44136,43124,42163,41248,40378,39548,38755,37996,37271,36576,35909,35270,34655,34064,33495,32947,20
0,0,0,0,0,0,0,0,0,0,0,0,0,0,0,0,0,0,0,0,0,0,0,0,0,0,0,0,0,0,0,0,0,0,0,0,0,0,0,0,0,0,0,0,0,0,0,0,0,0
1482991,851755,615803,489204,409225,353686,312651,280974,255708,235038,217783,203139,190539,179571,169928,161377,153737,146866,140648,134994,129826,125084,120713,116672,112924,109436,106181,103136,100281,97598,95072,92687,90433,88299,86275,84352,82524,80781,79120,77534,76017,74566,73175,71842,70562,69332,68149,67011,65915,20
741361,425800,307845,244558,204576,176811,156297,140462,127831,117498,108872,101551,95252,89769,84948,80674,76855,73420,70312,67484,64901,62531,60346,58326,56452,54708,53081,51559,50132,48790,47527,46335,45208,44141,43129,42168,41254,40384,39553,38760,38002,37276,36581,35914,35275,34660,34068,33500,32952,19
0,0,0,0,0,0,0,0,0,0,0,0,0,0,0,0,0,0,0,0,0,0,0,0,0,0,0,0,0,0,0,0,0,0,0,0,0,0,0,0,0,0,0,0,0,0,0,0,0,0
1482397,851414,615556,489008,409061,353544,312526,280862,255606,234944,217696,203058,190463,179499,169860,161312,153676,146807,140592,134940,129775,125033,120665,116626,112879,109392,106139,103095,100241,97559,95033,92650,90397,88264,86240,84319,82490,80749,79088,77503,75987,74536,73146,71813,70533,69304,68122,66984,65888,18
741356,425798,307844,244556,204574,176810,156296,140461,127830,117497,108872,101551,95252,89768,84948,80673,76854,73419,70311,67484,64901,62530,60345,58325,56452,54708,53080,51559,50132,48790,47527,46335,45208,44141,43129,42168,41254,40383,39552,38760,38001,37276,36580,35914,35274,34660,34068,33499,32951,23
0,0,0,0,0,0,0,0,0,0,0,0,0,0,0,0,0,0,0,0,0,0,0,0,0,0,0,0,0,0,0,0,0,0,0,0,0,0,0,0,0,0,0,0,0,0,0,0,0,0
1482956,851735,615788,489193,409216,353677,312644,280968,255702,235032,217778,203134,190535,179567,169924,161373,153734,146862,140645,134991,129824,125080,120711,116670,112921,109433,106179,103134,100279,97596,95069,92684,90431,88297,86273,84350,82521,80780,79118,77532,76016,74564,73173,71840,70560,69330,68148,67009,65913,26
741460,425856,307886,244590,204603,176834,156318,140480,127848,117513,108886,101564,95265,89781,84960,80684,76865,73429,70321,67494,64910,62539,60354,58333,56460,54716,53088,51566,50138,48796,47533,46341,45214,44148,43136,42174,41260,40388,39558,38765,38007,37281,36586,35919,35279,34664,34073,33504,32956,20
0,0,0,0,0,0,0,0,0,0,0,0,0,0,0,0,0,0,0,0,0,0,0,0,0,0,0,0,0,0,0,0,0,0,0,0,0,0,0,0,0,0,0,0,0,0,0,0,0,0
1482335,851378,615530,488988,409044,353529,312513,280850,255595,234934,217687,203049,190455,179492,169853,161306,153669,146800,140587,134934,129769,125028,120660,116621,112874,109388,106134,103091,100237,97555,95029,92646,90393,88260,86236,84315,82487,80746,79085,77500,75984,74532,73143,71810,70530,69301,68119,66981,65885,19
741560,425915,307928,244624,204631,176858,156340,140500,127865,117529,108901,101579,95278,89793,84972,80696,76876,73440,70331,67503,64919,62548,60362,58341,56467,54723,53096,51572,50145,48804,47540,46348,45220,44153,43141,42180,41265,40394,39564,38770,38012,37286,36591,35924,35284,34669,34077,33508,32960,21
0,0,0,0,0,0,0,0,0,0,0,0,0,0,0,0,0,0,0,0,0,0,0,0,0,0,0,0,0,0,0,0,0,0,0,0,0,0,0,0,0,0,0,0,0,0,0,0,0,0
1482965,851740,615792,489196,409218,353680,312646,280969,255704,235034,217780,203136,190536,179568,169925,161375,153735,146863,140646,134992,129824,125081,120712,116671,112922,109434,106180,103135,100280,97596,95069,92685,90432,88297,86273,84351,82522,80780,79119,77532,76016,74564,73174,71840,70560,69331,68148,67010,65913,21
741457,425856,307885,244590,204602,176834,156317,140480,127848,117513,108886,101564,95264,89781,84960,80684,76864,73429,70320,67493,64910,62539,60354,58333,56459,54715,53088,51565,50138,48796,47533,46341,45214,44147,43135,42174,41260,40388,39558,38765,38007,37281,36586,35919,35279,34664,34073,33504,32956,22
0,0,0,0,0,0,0,0,0,0,0,0,0,0,0,0,0,0,0,0,0,0,0,0,0,0,0,0,0,0,0,0,0,0,0,0,0,0,0,0,0,0,0,0,0,0,0,0,0,0
1482540,851496,615616,489056,409101,353578,312556,280889,255631,234967,217717,203077,190481,179516,169876,161328,153691,146821,140606,134953,129787,125045,120677,116637,112890,109403,106149,103105,100251,97568,95042,92659,90406,88272,86248,84327,82498,80757,79096,77510,75994,74543,73153,71820,70540,69311,68128,66991,65895,17
741454,425853,307884,244588,204601,176833,156317,140480,127847,117512,108885,101564,95264,89780,84960,80684,76864,73428,70320,67493,64909,62538,60353,58333,56459,54715,53088,51565,50138,48796,47533,46341,45214,44147,43135,42174,41260,40388,39558,38764,38007,37280,36585,35919,35279,34664,34072,33504,32956,21
0,0,0,0,0,0,0,0,0,0,0,0,0,0,0,0,0,0,0,0,0,0,0,0,0,0,0,0,0,0,0,0,0,0,0,0,0,0,0,0,0,0,0,0,0,0,0,0,0,0
1482340,851380,615532,488990,409046,353531,312514,280851,255596,234935,217688,203050,190456,179492,169854,161307,153670,146801,140587,134935,129769,125028,120660,116621,112875,109388,106135,103091,100237,97556,95029,92646,90393,88260,86237,84315,82487,80746,79085,77500,75984,74533,73143,71810,70531,69301,68119,66981,65886,21
741552,425909,307924,244621,204628,176856,156337,140498,127864,117528,108900,101577,95276,89792,84971,80695,76875,73439,70330,67502,64918,62547,60361,58341,56466,54722,53095,51572,50144,48803,47540,46347,45220,44153,43140,42180,41265,40394,39563,38770,38012,37286,36590,35924,35284,34668,34077,33508,32960,18
0,0,0,0,0,0,0,0,0,0,0,0,0,0,0,0,0,0,0,0,0,0,0,0,0,0,0,0,0,0,0,0,0,0,0,0,0,0,0,0,0,0,0,0,0,0,0,0,0,0
1482820,851656,615732,489148,409178,353645,312615,280942,255679,235011,217758,203116,190517,179550,169908,161359,153720,146849,140632,134979,129812,125069,120700,116660,112911,109424,106169,103124,100270,97587,95060,92676,90423,88288,86265,84343,82514,80772,79111,77524,76008,74557,73167,71833,70553,69324,68141,67003,65907,20
741390,425816,307857,244568,204584,176818,156304,140467,127836,117502,108876,101555,95256,89772,84952,80677,76858,73423,70314,67488,64904,62533,60348,58328,56454,54710,53083,51561,50133,48792,47529,46337,45210,44143,43132,42170,41256,40385,39555,38761,38003,37277,36582,35916,35276,34661,34070,33500,32952,20
0,0,0,0,0,0,0,0,0,0,0,0,0,0,0,0,0,0,0,0,0,0,0,0,0,0,0,0,0,0,0,0,0,0,0,0,0,0,0,0,0,0,0,0,0,0,0,0,0,0
1483424,852004,615983,489348,409345,353789,312743,281056,255783,235107,217847,203199,190595,179624,169978,161424,153782,146908,140690,135033,129864,125120,120749,116707,112957,109468,106212,103167,100311,97627,95099,92714,90460,88324,86300,84377,82548,80805,79144,77556,76040,74588,73196,71863,70582,69352,68169,67031,65934,18
741432,425841,307875,244581,204595,176828,156312,140475,127843,117509,108882,101561,95261,89778,84957,80682,76862,73427,70318,67492,64908,62536,60352,58332,56457,54713,53086,51564,50136,48795,47532,46340,45212,44146,43134,42172,41258,40388,39556,38764,38005,37280,36584,35918,35278,34663,34072,33503,32955,19
0,0,0,0,0,0,0,0,0,0,0,0,0,0,0,0,0,0,0,0,0,0,0,0,0,0,0,0,0,0,0,0,0,0,0,0,0,0,0,0,0,0,0,0,0,0,0,0,0,0
1482681,851576,615674,489103,409140,353612,312586,280916,255655,234989,217738,203096,190499,179533,169892,161344,153705,146835,140620,134966,129800,125057,120688,116648,112900,109413,106159,103115,100260,97578,95052,92668,90414,88280,86257,84335,82506,80764,79104,77517,76001,74550,73160,71827,70547,69317,68135,66997,65901,21
741080,425638,307728,244465,204498,176744,156238,140408,127782,117453,108831,101512,95216,89735,84916,80644,76825,73392,70285,67459,64876,62507,60323,58304,56430,54688,53060,51540,50112,48772,47509,46317,45191,44124,43113,42152,41239,40368,39538,38745,37988,37262,36567,35900,35261,34647,34056,33487,32939,19
0,0,0,0,0,0,0,0,0,0,0,0,0,0,0,0,0,0,0,0,0,0,0,0,0,0,0,0,0,0,0,0,0,0,0,0,0,0,0,0,0,0,0,0,0,0,0,0,0,0
1482760,851622,615707,489128,409161,353631,312603,280931,255668,235002,217749,203108,190509,179543,169902,161352,153713,146843,140627,134973,129806,125064,120695,116655,112907,109419,106164,103120,100266,97583,95056,92672,90419,88285,86261,84339,82511,80769,79108,77522,76005,74554,73164,71831,70551,69321,68139,67000,65904,17
741036,425613,307710,244451,204486,176733,156228,140400,127775,117446,108824,101507,95211,89730,84912,80639,76821,73388,70280,67455,64873,62503,60320,58300,56427,54684,53058,51536,50109,48769,47506,46315,45188,44122,43111,42150,41236,40366,39536,38743,37985,37260,36565,35899,35259,34644,34053,33484,32937,17
0,0,0,0,0,0,0,0,0,0,0,0,0,0,0,0,0,0,0,0,0,0,0,0,0,0,0,0,0,0,0,0,0,0,0,0,0,0,0,0,0,0,0,0,0,0,0,0,0,0
1482780,851633,615715,489135,409167,353636,312607,280934,255672,235004,217752,203110,190512,179545,169904,161354,153716,146845,140628,134975,129808,125066,120696,116656,112908,109420,106166,103122,100267,97584,95058,92674,90420,88286,86263,84340,82512,80770,79109,77523,76006,74555,73164,71832,70552,69322,68140,67001,65905,20
741573,425922,307934,244628,204634,176861,156342,140502,127868,117532,108903,101580,95280,89795,84973,80697,76876,73440,70332,67504,64920,62548,60363,58343,56468,54724,53096,51574,50146,48804,47540,46348,45221,44154,43142,42180,41266,40395,39564,38771,38012,37287,36592,35924,35284,34669,34078,33509,32960,21
0,0,0,0,0,0,0,0,0,0,0,0,0,0,0,0,0,0,0,0,0,0,0,0,0,0,0,0,0,0,0,0,0,0,0,0,0,0,0,0,0,0,0,0,0,0,0,0,0,0
1482557,851505,615622,489061,409105,353582,312560,280892,255633,234969,217720,203080,190484,179518,169879,161330,153692,146823,140608,134955,129788,125047,120678,116639,112891,109404,106150,103106,100252,97569,95044,92660,90407,88273,86249,84328,82500,80758,79097,77511,75995,74544,73154,71820,70541,69312,68129,66992,65896,20
741508,425884,307907,244607,204616,176846,156328,140489,127856,117521,108893,101572,95271,89787,84965,80690,76870,73434,70325,67498,64914,62543,60358,58337,56463,54719,53092,51569,50141,48800,47536,46344,45217,44150,43138,42177,41263,40392,39560,38768,38009,37284,36588,35921,35281,34667,34075,33506,32958,21
0,0,0,0,0,0,0,0,0,0,0,0,0,0,0,0,0,0,0,0,0,0,0,0,0,0,0,0,0,0,0,0,0,0,0,0,0,0,0,0,0,0,0,0,0,0,0,0,0,0
1482106,851247,615435,488912,408981,353475,312464,280807,255556,234898,217653,203018,190425,179464,169827,161281,153646,146778,140564,134913,129749,125009,120641,116603,112856,109371,106118,103075,100221,97540,95015,92632,90379,88246,86224,84302,82474,80733,79073,77488,75972,74521,73132,71799,70520,69290,68108,66971,65876,22
741292,425761,307817,244536,204556,176795,156283,140448,127819,117487,108862,101542,95244,89761,84941,80667,76848,73412,70305,67479,64896,62524,60340,58320,56447,54703,53076,51554,50127,48786,47523,46331,45204,44137,43126,42164,41251,40380,39549,38756,37998,37272,36577,35911,35271,34656,34065,33496,32948,19
0,0,0,0,0,0,0,0,0,0,0,0,0,0,0,0,0,0,0,0,0,0,0,0,0,0,0,0,0,0,0,0,0,0,0,0,0,0,0,0,0,0,0,0,0,0,0,0,0,0
1482777,851632,615714,489134,409167,353635,312606,280934,255672,235004,217752,203110,190512,179545,169904,161354,153716,146844,140628,134975,129808,125065,120696,116656,112908,109420,106166,103121,100267,97584,95057,92673,90420,88286,86263,84340,82512,80770,79108,77523,76006,74555,73164,71832,70552,69322,68140,67001,65905,20
741913,426117,308075,244740,204728,176943,156414,140566,127926,117585,108953,101627,95323,89836,85012,80734,76912,73474,70364,67535,64950,62577,60391,58369,56494,54748,53120,51597,50169,48827,47562,46369,45242,44174,43162,42200,41285,40413,39582,38788,38030,37304,36608,35941,35300,34685,34094,33524,32976,21
0,0,0,0,0,0,0,0,0,0,0,0,0,0,0,0,0,0,0,0,0,0,0,0,0,0,0,0,0,0,0,0,0,0,0,0,0,0,0,0,0,0,0,0,0,0,0,0,0,0
1482816,851654,615730,489147,409177,353644,312614,280941,255678,235011,217757,203115,190516,179550,169908,161358,153719,146848,140632,134978,129811,125069,120700,116659,112911,109423,106168,103124,100269,97587,95060,92676,90423,88288,86264,84342,82514,80772,79111,77524,76008,74557,73167,71833,70553,69324,68141,67003,65907,20
741490,425874,307899,244600,204612,176841,156324,140486,127853,117518,108891,101569,95269,89785,84964,80688,76868,73432,70324,67496,64912,62541,60356,58336,56462,54717,53090,51568,50140,48799,47536,46343,45216,44149,43137,42176,41261,40391,39560,38767,38008,37283,36588,35920,35280,34666,34074,33505,32957,20
0,0,0,0,0,0,0,0,0,0,0,0,0,0,0,0,0,0,0,0,0,0,0,0,0,0,0,0,0,0,0,0,0,0,0,0,0,0,0,0,0,0,0,0,0,0,0,0,0,0
1482641,851554,615657,489089,409128,353602,312577,280908,255648,234983,217732,203091,190494,179528,169888,161340,153701,146831,140616,134962,129796,125054,120685,116645,112897,109410,106156,103112,100258,97575,95049,92665,90412,88278,86255,84332,82504,80762,79101,77516,75999,74548,73158,71824,70545,69316,68133,66995,65899,22
741460,425856,307886,244590,204603,176834,156318,140480,127848,117513,108886,101564,95265,89781,84960,80684,76865,73429,70321,67494,64910,62539,60354,58333,56460,54716,53088,51566,50138,48796,47533,46341,45214,44148,43136,42174,41260,40388,39558,38765,38007,37281,36586,35919,35279,34664,34073,33504,32956,20
0,0,0,0,0,0,0,0,0,0,0,0,0,0,0,0,0,0,0,0,0,0,0,0,0,0,0,0,0,0,0,0,0,0,0,0,0,0,0,0,0,0,0,0,0,0,0,0,0,0
1482860,851679,615748,489161,409189,353654,312624,280949,255685,235017,217764,203121,190522,179555,169913,161363,153724,146852,140636,134982,129815,125072,120703,116663,112914,109426,106172,103128,100272,97589,95063,92679,90425,88291,86267,84344,82516,80774,79113,77527,76010,74559,73168,71836,70556,69326,68143,67005,65908,23
741544,425905,307921,244618,204626,176855,156336,140496,127863,117527,108899,101576,95276,89792,84970,80694,76874,73438,70329,67501,64917,62546,60360,58340,56466,54721,53094,51572,50144,48802,47539,46347,45220,44152,43140,42179,41264,40393,39563,38769,38011,37285,36590,35923,35283,34668,34076,33508,32960,20
0,0,0,0,0,0,0,0,0,0,0,0,0,0,0,0,0,0,0,0,0,0,0,0,0,0,0,0,0,0,0,0,0,0,0,0,0,0,0,0,0,0,0,0,0,0,0,0,0,0
1482933,851721,615779,489185,409209,353672,312639,280964,255698,235029,217775,203131,190532,179564,169921,161371,153732,146860,140643,134988,129821,125079,120709,116668,112920,109432,106177,103132,100277,97594,95068,92684,90429,88296,86272,84349,82520,80778,79117,77531,76014,74563,73172,71839,70559,69329,68147,67008,65912,20
741724,426008,307996,244678,204676,176897,156374,140531,127893,117556,108925,101601,95299,89813,84990,80713,76892,73456,70346,67518,64933,62561,60376,58354,56480,54735,53107,51584,50156,48814,47550,46358,45231,44163,43151,42189,41275,40403,39572,38779,38020,37294,36599,35932,35292,34676,34085,33516,32968,19
