0.00,4020631.10,4020154.49,4020287.82,4020598.42,4020409.57,4020605.33,4020678.49,4020785.88,4020952.59
2326645.24,0.00,2308972.21,2309048.82,2309227.29,2309119.04,2309231.44,2309273.12,2309334.86,2309430.84
1682120.88,1669541.69,0.00,1669399.01,1669527.85,1669449.51,1669530.96,1669561.23,1669606.02,1669675.02
1336306.62,1326313.51,1326156.31,0.00,1326302.62,1326240.36,1326305.21,1326329.07,1326364.53,1326419.69
1117836.62,1109477.24,1109345.63,1109382.47,0.00,1109415.85,1109470.15,1109490.21,1109519.78,1109565.78
966124.80,958900.05,958786.26,958818.08,958892.27,0.00,958893.82,958911.12,958936.89,958976.49
854035.06,847648.53,847548.05,847576.07,847641.78,847601.84,0.00,847658.73,847681.21,847716.32
767506.66,761767.43,761677.15,761702.23,761761.20,761725.40,761762.58,0.00,761796.65,761828.30
698489.59,693266.23,693184.08,693207.08,693260.52,693228.01,693261.73,693274.53,0.00,693321.74
3.80,3.46,3.29,3.46,3.46,3.46,3.29,3.46,3.46,0.00
