0.00,8865343.69,8865343.69,8865343.69,8865343.69,8865343.69,8865343.69,8865343.69,8865343.69,8865343.69
2311142.54,0.00,2311142.54,2311142.54,2311142.54,2311142.54,2311142.54,2311142.54,2311142.54,2311142.54
6157804.32,6157804.32,0.00,6157804.32,6157804.32,6157804.32,6157804.32,6157804.32,6157804.32,6157804.32
3088555.18,3088555.18,3088555.18,0.00,3088555.18,3088555.18,3088555.18,3088555.18,3088555.18,3088555.18
3362406.72,3362406.72,3362406.72,3362406.72,0.00,3362406.72,3362406.72,3362406.72,3362406.72,3362406.72
13618381.16,13618381.16,13618381.16,13618381.16,13618381.16,0.00,13618381.16,13618381.16,13618381.16,13618381.16
5048834.72,5048834.72,5048834.72,5048834.72,5048834.72,5048834.72,0.00,5048834.72,5048834.72,5048834.72
7649182.74,7649182.74,7649182.74,7649182.74,7649182.74,7649182.74,7649182.74,0.00,7649182.74,7649182.74
12675284.21,12675284.21,12675284.21,12675284.21,12675284.21,12675284.21,12675284.21,12675284.21,0.00,12675284.21
12632689.50,12632689.50,12632689.50,12632689.50,12632689.50,12632689.50,12632689.50,12632689.50,12632689.50,0.00
