0.00,0.00,0.00,0.00,0.00,0.00,0.00,0.00,0.00,0.00
20800282.88,0.00,0.00,0.00,0.00,0.00,0.00,0.00,0.00,0.00
55420238.86,0.00,0.00,0.00,0.00,0.00,0.00,0.00,0.00,0.00
27796996.62,0.00,0.00,0.00,0.00,0.00,0.00,0.00,0.00,0.00
30261660.50,0.00,0.00,0.00,0.00,0.00,0.00,0.00,0.00,0.00
122565430.41,0.00,0.00,0.00,0.00,0.00,0.00,0.00,0.00,0.00
45439512.49,0.00,0.00,0.00,0.00,0.00,0.00,0.00,0.00,0.00
68842644.66,0.00,0.00,0.00,0.00,0.00,0.00,0.00,0.00,0.00
114077557.88,0.00,0.00,0.00,0.00,0.00,0.00,0.00,0.00,0.00
113694205.52,0.00,0.00,0.00,0.00,0.00,0.00,0.00,0.00,0.00
