0.00,0.00,0.00,0.00,0.00,0.00,0.00,0.00,0.00,0.00
19041672.34,0.00,0.00,0.00,0.00,0.00,0.00,0.00,0.00,0.00
13766771.94,0.00,0.00,0.00,0.00,0.00,0.00,0.00,0.00,0.00
10936568.02,0.00,0.00,0.00,0.00,0.00,0.00,0.00,0.00,0.00
9148570.32,0.00,0.00,0.00,0.00,0.00,0.00,0.00,0.00,0.00
7906934.94,0.00,0.00,0.00,0.00,0.00,0.00,0.00,0.00,0.00
6989573.89,0.00,0.00,0.00,0.00,0.00,0.00,0.00,0.00,0.00
6281411.18,0.00,0.00,0.00,0.00,0.00,0.00,0.00,0.00,0.00
5716561.97,0.00,0.00,0.00,0.00,0.00,0.00,0.00,0.00,0.00
28.64,0.00,0.00,0.00,0.00,0.00,0.00,0.00,0.00,0.00
