0.00,7236688.32,2763075.41,4210426.00,0.00,7236294.63,9999444.93,1710664.31,8551745.66,296039.85
831489.03,0.00,1586970.00,2418254.71,0.00,4156159.67,5743173.18,982518.47,4911687.71,170030.11
601151.13,3004988.99,0.00,1748352.80,0.00,3004825.58,4152205.98,710342.67,3551058.03,122928.59
477564.96,2387216.70,911474.85,0.00,0.00,2387086.72,3298586.41,564308.65,2821023.69,97656.57
399488.93,1996935.36,762459.60,1161850.29,0.00,1996826.66,2759306.80,472051.09,2359820.11,81691.12
345270.60,1725912.98,658979.32,1004165.13,0.00,0.00,2384816.48,407984.78,2039547.56,70603.99
305212.51,1525672.95,582524.73,887661.98,0.00,1525590.03,0.00,360650.37,1802919.81,62412.38
274289.16,1371096.39,523505.02,797726.76,0.00,1371022.06,1894541.09,0.00,1620252.86,56089.10
249624.11,1247802.13,476429.46,725992.13,0.00,1247734.15,1724176.50,294964.86,0.00,51045.11
1.49,5.98,1.49,2.99,0.00,5.79,8.22,2.99,6.91,0.00
