0,387488390,147948840,225447210,0,387467310,535420160,91597500,457903120,15851450
44522070,0,84974290,129485420,0,222541520,307518140,52608940,262996260,9104260
32188630,160902100,0,93615530,0,160893350,222329820,38035290,190141360,6582210
25571210,127823490,48804910,0,0,127816530,176622770,30215900,151051680,5229020
21390630,106925880,40825890,62211260,0,106920060,147747050,25275970,126356540,4374150
18487510,92413990,35285040,53768010,0,0,127694970,21845540,109207550,3780490
16342600,81692140,31191280,47529850,0,81687700,0,19311020,96537320,3341870
14686810,73415340,28031070,42714270,0,73411360,101443180,0,86756420,3003290
13366120,66813550,25510410,38873240,0,66809910,92321010,15793890,0,2733210
80,320,80,160,0,310,440,160,370,0
