0.00,126859.45,126859.45,126859.45,126859.45,126859.45,126859.45,126859.45,126859.45,126859.45
2239674.88,0.00,2239674.88,2239674.88,2239674.88,2239674.88,2239674.88,2239674.88,2239674.88,2239674.88
13285597.45,13285597.45,0.00,13285597.45,13285597.45,13285597.45,13285597.45,13285597.45,13285597.45,13285597.45
1720605.24,1720605.24,1720605.24,0.00,1720605.24,1720605.24,1720605.24,1720605.24,1720605.24,1720605.24
6040486.86,6040486.86,6040486.86,6040486.86,0.00,6040486.86,6040486.86,6040486.86,6040486.86,6040486.86
2646579.41,2646579.41,2646579.41,2646579.41,2646579.41,0.00,2646579.41,2646579.41,2646579.41,2646579.41
877984.50,877984.50,877984.50,877984.50,877984.50,877984.50,0.00,877984.50,877984.50,877984.50
12904463.50,12904463.50,12904463.50,12904463.50,12904463.50,12904463.50,12904463.50,0.00,12904463.50,12904463.50
13960134.20,13960134.20,13960134.20,13960134.20,13960134.20,13960134.20,13960134.20,13960134.20,0.00,13960134.20
14170582.03,14170582.03,14170582.03,14170582.03,14170582.03,14170582.03,14170582.03,14170582.03,14170582.03,0.00
