0.00,126861.47,126846.43,126850.63,126860.43,126854.48,126860.65,126862.96,126866.35,126871.61
73411.77,0.00,72854.13,72856.55,72862.18,72858.77,72862.31,72863.63,72865.58,72868.61
53075.33,52678.42,0.00,52673.92,52677.99,52675.51,52678.08,52679.04,52680.45,52682.63
42163.98,41848.67,41843.71,0.00,41848.33,41846.36,41848.41,41849.16,41850.28,41852.02
35270.68,35006.92,35002.77,35003.93,0.00,35004.98,35006.70,35007.33,35008.26,35009.71
30483.77,30255.81,30252.22,30253.23,30255.57,0.00,30255.62,30256.16,30256.98,30258.23
26947.05,26745.54,26742.37,26743.25,26745.32,26744.06,0.00,26745.86,26746.57,26747.68
24216.85,24035.76,24032.91,24033.70,24035.57,24034.44,24035.61,0.00,24036.68,24037.68
22039.18,21874.37,21871.78,21872.50,21874.19,21873.16,21874.23,21874.63,0.00,21876.12
0.12,0.11,0.10,0.11,0.11,0.11,0.10,0.11,0.11,0.00
