0.00,0.00,0.00,0.00,0.00,0.00,0.00,0.00,0.00,0.00
20157073.95,0.00,0.00,0.00,0.00,0.00,0.00,0.00,0.00,0.00
119570377.07,0.00,0.00,0.00,0.00,0.00,0.00,0.00,0.00,0.00
15485447.13,0.00,0.00,0.00,0.00,0.00,0.00,0.00,0.00,0.00
54364381.78,0.00,0.00,0.00,0.00,0.00,0.00,0.00,0.00,0.00
23819214.73,0.00,0.00,0.00,0.00,0.00,0.00,0.00,0.00,0.00
7901860.53,0.00,0.00,0.00,0.00,0.00,0.00,0.00,0.00,0.00
116140171.53,0.00,0.00,0.00,0.00,0.00,0.00,0.00,0.00,0.00
125641207.78,0.00,0.00,0.00,0.00,0.00,0.00,0.00,0.00,0.00
127535238.26,0.00,0.00,0.00,0.00,0.00,0.00,0.00,0.00,0.00
