0.00,0.00,0.00,0.00,0.00,0.00,0.00,0.00,0.00,0.00
272478.55,0.00,0.00,0.00,0.00,0.00,0.00,0.00,0.00,0.00
196996.88,0.00,0.00,0.00,0.00,0.00,0.00,0.00,0.00,0.00
156497.82,0.00,0.00,0.00,0.00,0.00,0.00,0.00,0.00,0.00
130912.30,0.00,0.00,0.00,0.00,0.00,0.00,0.00,0.00,0.00
113145.01,0.00,0.00,0.00,0.00,0.00,0.00,0.00,0.00,0.00
100017.95,0.00,0.00,0.00,0.00,0.00,0.00,0.00,0.00,0.00
89884.43,0.00,0.00,0.00,0.00,0.00,0.00,0.00,0.00,0.00
81801.67,0.00,0.00,0.00,0.00,0.00,0.00,0.00,0.00,0.00
0.41,0.00,0.00,0.00,0.00,0.00,0.00,0.00,0.00,0.00
