0,239536780,311725060,154994470,84532930,84552410,162039020,162040550,302949850,147945560
388446560,0,179039020,89020950,48551410,48562600,93066970,93067860,173999000,84972410
280839600,99466130,0,64360470,35101760,35109860,67285680,67286320,125797990,61433460
223103960,79017660,102830910,0,27885460,27891890,53452930,53453440,99936170,48803830
186629130,66099230,86019280,42770100,0,23331900,44714030,44714450,83597790,40824990
161299990,57128300,74344820,36965390,20160680,0,38645480,38645850,72251980,35284260
142586000,50500280,65719350,32676670,17821640,17825740,0,34162160,63869330,31190590
128139610,45383750,59060860,29365970,16016000,16019690,30700670,0,57398280,28030440
116616820,41302660,53749880,26725270,14575770,14579130,27939930,27940200,0,25509840
460,240,300,120,120,120,160,160,250,0
