0.00,165718.22,215660.08,107229.49,58482.24,58495.71,112103.11,112104.17,209589.14,102352.86
268738.15,0.00,123864.18,61587.17,33589.22,33596.96,64386.32,64386.94,120377.35,58786.28
194292.66,68813.44,0.00,44526.37,24284.38,24289.98,46550.11,46550.55,87030.55,42501.38
154349.53,54666.62,71141.29,0.00,19291.94,19296.39,36980.23,36980.58,69138.63,33763.85
129115.23,45729.29,59510.53,29589.55,0.00,16141.66,30934.41,30934.70,57835.28,28243.87
111591.83,39522.95,51433.82,25573.69,13947.72,0.00,26736.02,26736.28,49985.93,24410.63
98644.97,34937.50,45466.48,22606.63,12329.51,12332.34,0.00,23634.33,44186.58,21578.52
88650.55,31397.74,40859.95,20316.20,11080.31,11082.87,21239.58,0.00,39709.73,19392.24
80678.76,28574.33,37185.66,18489.29,10083.92,10086.25,19329.62,19329.81,0.00,17648.42
0.32,0.17,0.21,0.08,0.08,0.08,0.11,0.11,0.17,0.00
