0.00,12959402.72,12957866.49,12958296.26,12959297.37,12958688.67,12959319.66,12959555.45,12959901.60,12960438.95
7499303.46,0.00,7442339.28,7442586.21,7443161.46,7442812.52,7443174.84,7443309.18,7443508.17,7443817.54
5421855.78,5381310.17,0.00,5380850.31,5381265.58,5381013.07,5381275.62,5381373.16,5381517.53,5381739.94
4307218.26,4275008.20,4274501.51,0.00,4274973.08,4274772.41,4274981.44,4275058.36,4275172.63,4275350.45
3603040.08,3576095.89,3575671.70,3575790.43,0.00,3575898.01,3576073.03,3576137.69,3576233.01,3576381.28
3114038.58,3090751.58,3090384.80,3090487.36,3090726.49,0.00,3090731.51,3090787.25,3090870.30,3090997.95
2752748.01,2732162.78,2731838.92,2731929.23,2732141.04,2732012.28,0.00,2732195.67,2732268.13,2732381.29
2473847.41,2455348.58,2455057.61,2455138.43,2455328.51,2455213.12,2455332.97,0.00,2455442.78,2455544.78
2251389.81,2234553.73,2234288.96,2234363.10,2234535.34,2234430.54,2234539.24,2234580.49,0.00,2234732.66
12.26,11.15,10.59,11.15,11.15,11.15,10.59,11.15,11.15,0.00
