0.00,14509783.89,14509783.89,14509783.89,14509783.89,14509783.89,14509783.89,14509783.89,14509783.89,14509783.89
12664414.98,0.00,12664414.98,12664414.98,12664414.98,12664414.98,12664414.98,12664414.98,12664414.98,12664414.98
9752626.20,9752626.20,0.00,9752626.20,9752626.20,9752626.20,9752626.20,9752626.20,9752626.20,9752626.20
14175750.48,14175750.48,14175750.48,0.00,14175750.48,14175750.48,14175750.48,14175750.48,14175750.48,14175750.48
9935799.24,9935799.24,9935799.24,9935799.24,0.00,9935799.24,9935799.24,9935799.24,9935799.24,9935799.24
9495417.65,9495417.65,9495417.65,9495417.65,9495417.65,0.00,9495417.65,9495417.65,9495417.65,9495417.65
7676971.62,7676971.62,7676971.62,7676971.62,7676971.62,7676971.62,0.00,7676971.62,7676971.62,7676971.62
13282516.48,13282516.48,13282516.48,13282516.48,13282516.48,13282516.48,13282516.48,0.00,13282516.48,13282516.48
9936940.03,9936940.03,9936940.03,9936940.03,9936940.03,9936940.03,9936940.03,9936940.03,0.00,9936940.03
4905709.43,4905709.43,4905709.43,4905709.43,4905709.43,4905709.43,4905709.43,4905709.43,4905709.43,0.00
