0.00,0.00,0.00,0.00,0.00,0.00,0.00,0.00,0.00,0.00
31165238.50,0.00,0.00,0.00,0.00,0.00,0.00,0.00,0.00,0.00
22531882.87,0.00,0.00,0.00,0.00,0.00,0.00,0.00,0.00,0.00
17899727.75,0.00,0.00,0.00,0.00,0.00,0.00,0.00,0.00,0.00
14973336.94,0.00,0.00,0.00,0.00,0.00,0.00,0.00,0.00,0.00
12941169.71,0.00,0.00,0.00,0.00,0.00,0.00,0.00,0.00,0.00
11439737.72,0.00,0.00,0.00,0.00,0.00,0.00,0.00,0.00,0.00
10280697.73,0.00,0.00,0.00,0.00,0.00,0.00,0.00,0.00,0.00
9356216.93,0.00,0.00,0.00,0.00,0.00,0.00,0.00,0.00,0.00
46.88,0.00,0.00,0.00,0.00,0.00,0.00,0.00,0.00,0.00
