0.00,0.00,0.00,0.00,0.00,0.00,0.00,0.00,0.00,0.00
113979734.78,0.00,0.00,0.00,0.00,0.00,0.00,0.00,0.00,0.00
87773635.76,0.00,0.00,0.00,0.00,0.00,0.00,0.00,0.00,0.00
127581754.33,0.00,0.00,0.00,0.00,0.00,0.00,0.00,0.00,0.00
89422193.16,0.00,0.00,0.00,0.00,0.00,0.00,0.00,0.00,0.00
85458758.85,0.00,0.00,0.00,0.00,0.00,0.00,0.00,0.00,0.00
69092744.62,0.00,0.00,0.00,0.00,0.00,0.00,0.00,0.00,0.00
119542648.28,0.00,0.00,0.00,0.00,0.00,0.00,0.00,0.00,0.00
89432460.24,0.00,0.00,0.00,0.00,0.00,0.00,0.00,0.00,0.00
44151384.84,0.00,0.00,0.00,0.00,0.00,0.00,0.00,0.00,0.00
