0.00,11428094.62,15237230.37,9998873.88,10475482.20,26665892.05,21068869.83,15237648.06,19999802.43,476161.57
15314636.56,0.00,8751490.47,5742844.75,6016584.47,15315532.77,12100887.79,8751729.73,11486870.93,273482.89
11072195.93,4745443.30,0.00,4151969.05,4349877.39,11072843.42,8748713.96,6327336.59,8304791.74,197723.14
8795948.32,3769864.58,5026411.54,0.00,3455620.21,8796462.66,6950133.77,5026548.74,6597474.57,157074.54
7357917.52,3153537.57,4204653.00,2759149.03,0.00,7358346.70,5813869.98,4204767.90,5518865.13,131395.26
6359307.61,2725542.39,3634001.10,2384679.95,2498348.97,0.00,5024817.14,3634100.45,4769850.58,113562.24
5621501.81,2409325.81,3212384.85,2108009.62,2208490.93,5621830.29,0.00,3212474.06,4216453.14,100386.69
5051948.21,2165219.92,2886915.51,1894432.42,1984733.67,5052242.89,3991805.76,0.00,3789254.82,90216.09
4597656.67,1970513.89,2627313.78,1724078.25,1806257.48,4597924.99,3632846.02,2627386.10,0.00,82102.86
24.33,16.90,10.81,5.41,10.81,24.33,18.92,10.81,10.81,0.00
