0,169085370,225443770,147939210,154990910,394537530,311726300,225449950,295908820,7045090
226589040,0,129483440,84968760,89018900,226602300,179039740,129486980,169955000,4046340
163819640,70211620,0,61430820,64358990,163829220,129442360,93616660,122874270,2925430
130141220,55777360,74368710,0,51127930,130148830,102831310,74370740,97613510,2324010
108864710,46658440,62210310,40823230,0,108871060,86019620,62212010,81654850,1944070
94089690,40326000,53767180,35282740,36964540,0,74345120,53768650,70572740,1680220
83173420,35647390,47529120,31189240,32675920,83178280,0,47530440,62384900,1485280
74746540,32035700,42713610,28029240,29365300,74750900,59061110,0,56064250,1334800
68025030,29154910,38872650,25508750,26724640,68029000,53750090,38873720,0,1214760
360,250,160,80,160,360,280,160,160,0
