0.00,268367.72,268367.72,268367.72,268367.72,268367.72,268367.72,268367.72,268367.72,268367.72
11466249.71,0.00,11466249.71,11466249.71,11466249.71,11466249.71,11466249.71,11466249.71,11466249.71,11466249.71
5039315.88,5039315.88,0.00,5039315.88,5039315.88,5039315.88,5039315.88,5039315.88,5039315.88,5039315.88
7427431.82,7427431.82,7427431.82,0.00,7427431.82,7427431.82,7427431.82,7427431.82,7427431.82,7427431.82
6676480.24,6676480.24,6676480.24,6676480.24,0.00,6676480.24,6676480.24,6676480.24,6676480.24,6676480.24
9265954.93,9265954.93,9265954.93,9265954.93,9265954.93,0.00,9265954.93,9265954.93,9265954.93,9265954.93
5259656.68,5259656.68,5259656.68,5259656.68,5259656.68,5259656.68,0.00,5259656.68,5259656.68,5259656.68
10240811.32,10240811.32,10240811.32,10240811.32,10240811.32,10240811.32,10240811.32,0.00,10240811.32,10240811.32
10633755.32,10633755.32,10633755.32,10633755.32,10633755.32,10633755.32,10633755.32,10633755.32,0.00,10633755.32
2302448.30,2302448.30,2302448.30,2302448.30,2302448.30,2302448.30,2302448.30,2302448.30,2302448.30,0.00
