0.00,268371.99,268340.18,268349.08,268369.81,268357.20,268370.27,268375.15,268382.32,268393.45
155300.60,0.00,154120.94,154126.06,154137.97,154130.75,154138.25,154141.03,154145.15,154151.56
112279.42,111439.77,0.00,111430.25,111438.85,111433.62,111439.06,111441.08,111444.07,111448.67
89196.76,88529.73,88519.24,0.00,88529.00,88524.85,88529.18,88530.77,88533.14,88536.82
74614.17,74056.19,74047.40,74049.86,0.00,74052.09,74055.71,74057.05,74059.03,74062.10
64487.60,64005.35,63997.76,63999.88,64004.83,0.00,64004.94,64006.09,64007.81,64010.46
57005.75,56579.46,56572.75,56574.62,56579.01,56576.34,0.00,56580.14,56581.64,56583.98
51230.09,50847.00,50840.98,50842.65,50846.59,50844.20,50846.68,0.00,50848.95,50851.07
46623.29,46274.63,46269.15,46270.69,46274.25,46272.08,46274.33,46275.19,0.00,46278.34
0.25,0.23,0.22,0.23,0.23,0.23,0.22,0.23,0.23,0.00
