0,232492300,232464740,232472450,232490410,232479490,232490810,232495040,232501250,232510890
134537860,0,133515920,133520350,133530670,133524410,133530910,133533320,133536890,133542440
97268350,96540960,0,96532710,96540160,96535630,96540340,96542090,96544680,96548670
77271700,76693850,76684760,0,76693220,76689620,76693370,76694750,76696800,76699990
64638710,64155330,64147720,64149850,0,64151780,64154920,64156080,64157790,64160450
55866000,55448230,55441650,55443490,55447780,0,55447870,55448870,55450360,55452650
49384430,49015130,49009320,49010940,49014740,49012430,0,49015720,49017020,49019050
44380940,44049070,44043850,44045300,44048710,44046640,44048790,0,44050760,44052590
40390040,40088000,40083250,40084580,40087670,40085790,40087740,40088480,0,40091210
220,200,190,200,200,200,190,200,200,0
