0.00,0.00,0.00,0.00,0.00,0.00,0.00,0.00,0.00,0.00
103196247.42,0.00,0.00,0.00,0.00,0.00,0.00,0.00,0.00,0.00
45353842.91,0.00,0.00,0.00,0.00,0.00,0.00,0.00,0.00,0.00
66846886.40,0.00,0.00,0.00,0.00,0.00,0.00,0.00,0.00,0.00
60088322.17,0.00,0.00,0.00,0.00,0.00,0.00,0.00,0.00,0.00
83393594.34,0.00,0.00,0.00,0.00,0.00,0.00,0.00,0.00,0.00
47336910.12,0.00,0.00,0.00,0.00,0.00,0.00,0.00,0.00,0.00
92167301.85,0.00,0.00,0.00,0.00,0.00,0.00,0.00,0.00,0.00
95703797.91,0.00,0.00,0.00,0.00,0.00,0.00,0.00,0.00,0.00
20722034.72,0.00,0.00,0.00,0.00,0.00,0.00,0.00,0.00,0.00
