0.00,0.00,0.00,0.00,0.00,0.00,0.00,0.00,0.00,0.00
576420.98,0.00,0.00,0.00,0.00,0.00,0.00,0.00,0.00,0.00
416741.56,0.00,0.00,0.00,0.00,0.00,0.00,0.00,0.00,0.00
331066.89,0.00,0.00,0.00,0.00,0.00,0.00,0.00,0.00,0.00
276941.42,0.00,0.00,0.00,0.00,0.00,0.00,0.00,0.00,0.00
239355.19,0.00,0.00,0.00,0.00,0.00,0.00,0.00,0.00,0.00
211585.25,0.00,0.00,0.00,0.00,0.00,0.00,0.00,0.00,0.00
190148.07,0.00,0.00,0.00,0.00,0.00,0.00,0.00,0.00,0.00
173049.20,0.00,0.00,0.00,0.00,0.00,0.00,0.00,0.00,0.00
0.87,0.00,0.00,0.00,0.00,0.00,0.00,0.00,0.00,0.00
