0,373379740,77507350,169070140,14090180,162019370,7045090,302955190,528418040,7045090
393493060,0,44516280,97105280,8092680,93055680,4046340,174002070,303496460,4046340
284488080,155043570,0,70205300,5850860,67277520,2925430,125800230,219422260,2925430
226002390,123169370,25567890,0,4648020,53446450,2324010,99937950,174312930,2324010
189053700,103032640,21387840,46654240,0,44708610,1944070,83599280,145814840,1944070
163395510,89049160,18485100,40322370,3360440,0,1680220,72253260,126025000,1680220
144438400,78717690,16340470,35644170,2970560,34157690,0,63870450,111403610,1485280
129804320,70742240,14684900,32032810,2669600,30696950,1334800,0,100116520,1334800
118131820,64380850,13364380,29152280,2429520,27936540,1214760,52237730,0,1214760
490,240,90,250,80,190,40,190,400,0
