0.00,546957.40,113539.15,247667.87,20640.46,237339.32,10320.23,443793.72,774070.27,10320.23
576421.05,0.00,65211.11,142247.81,11854.82,136315.63,5927.41,254892.56,444586.61,5927.41
416741.57,227120.59,0.00,102842.51,8570.82,98553.65,4285.41,184282.54,321427.80,4285.41
331066.92,180428.64,37453.95,0.00,6808.80,78292.76,3404.40,146397.34,255347.94,3404.40
276941.43,150930.70,31330.67,68342.97,0.00,65492.85,2847.83,122463.11,213601.59,2847.83
239355.20,130446.54,27078.50,59067.53,4922.65,0.00,2461.32,105842.53,184611.80,2461.32
211585.27,115312.16,23936.87,52214.52,4351.52,50037.00,0.00,93562.70,163193.18,2175.76
190148.06,103629.06,21511.65,46924.30,3910.65,44967.42,1955.32,0.00,146658.93,1955.32
173049.22,94310.37,19577.24,42704.66,3558.96,40923.74,1779.48,76522.13,0.00,1779.48
0.72,0.35,0.13,0.37,0.12,0.28,0.06,0.28,0.59,0.00
