0.00,242560.57,242531.82,242539.86,242558.60,242547.20,242559.01,242563.43,242569.91,242579.96
140364.13,0.00,139297.94,139302.56,139313.32,139306.79,139313.58,139316.09,139319.81,139325.60
101480.64,100721.75,0.00,100713.14,100720.91,100716.18,100721.10,100722.92,100725.63,100729.79
80618.01,80015.14,80005.66,0.00,80014.48,80010.73,80014.64,80016.08,80018.22,80021.55
67437.94,66933.63,66925.69,66927.91,0.00,66929.93,66933.20,66934.41,66936.20,66938.97
58285.32,57849.46,57842.60,57844.52,57848.99,0.00,57849.09,57850.13,57851.68,57854.07
51523.06,51137.77,51131.71,51133.40,51137.36,51134.95,0.00,51138.39,51139.74,51141.86
46302.89,45956.65,45951.20,45952.72,45956.28,45954.12,45956.36,0.00,45958.41,45960.32
42139.16,41824.04,41819.09,41820.48,41823.70,41821.74,41823.77,41824.54,0.00,41827.39
0.23,0.21,0.20,0.21,0.21,0.21,0.20,0.21,0.21,0.00
