0.00,9749707.58,9749707.58,9749707.58,9749707.58,9749707.58,9749707.58,9749707.58,9749707.58,9749707.58
11381972.34,0.00,11381972.34,11381972.34,11381972.34,11381972.34,11381972.34,11381972.34,11381972.34,11381972.34
5975991.63,5975991.63,0.00,5975991.63,5975991.63,5975991.63,5975991.63,5975991.63,5975991.63,5975991.63
12629360.57,12629360.57,12629360.57,0.00,12629360.57,12629360.57,12629360.57,12629360.57,12629360.57,12629360.57
9472969.58,9472969.58,9472969.58,9472969.58,0.00,9472969.58,9472969.58,9472969.58,9472969.58,9472969.58
13493525.09,13493525.09,13493525.09,13493525.09,13493525.09,0.00,13493525.09,13493525.09,13493525.09,13493525.09
1790059.47,1790059.47,1790059.47,1790059.47,1790059.47,1790059.47,0.00,1790059.47,1790059.47,1790059.47
13886228.79,13886228.79,13886228.79,13886228.79,13886228.79,13886228.79,13886228.79,0.00,13886228.79,13886228.79
6179008.39,6179008.39,6179008.39,6179008.39,6179008.39,6179008.39,6179008.39,6179008.39,0.00,6179008.39
91819.95,91819.95,91819.95,91819.95,91819.95,91819.95,91819.95,91819.95,91819.95,0.00
