0.00,0.00,0.00,0.00,0.00,0.00,0.00,0.00,0.00,0.00
102437751.06,0.00,0.00,0.00,0.00,0.00,0.00,0.00,0.00,0.00
53783924.67,0.00,0.00,0.00,0.00,0.00,0.00,0.00,0.00,0.00
113664245.12,0.00,0.00,0.00,0.00,0.00,0.00,0.00,0.00,0.00
85256726.25,0.00,0.00,0.00,0.00,0.00,0.00,0.00,0.00,0.00
121441725.80,0.00,0.00,0.00,0.00,0.00,0.00,0.00,0.00,0.00
16110535.27,0.00,0.00,0.00,0.00,0.00,0.00,0.00,0.00,0.00
124976059.11,0.00,0.00,0.00,0.00,0.00,0.00,0.00,0.00,0.00
55611075.50,0.00,0.00,0.00,0.00,0.00,0.00,0.00,0.00,0.00
826379.52,0.00,0.00,0.00,0.00,0.00,0.00,0.00,0.00,0.00
