0.00,0.00,0.00,0.00,0.00,0.00,0.00,0.00,0.00,0.00
20941177.65,0.00,0.00,0.00,0.00,0.00,0.00,0.00,0.00,0.00
15140078.64,0.00,0.00,0.00,0.00,0.00,0.00,0.00,0.00,0.00
12027547.25,0.00,0.00,0.00,0.00,0.00,0.00,0.00,0.00,0.00
10061187.53,0.00,0.00,0.00,0.00,0.00,0.00,0.00,0.00,0.00
8695692.60,0.00,0.00,0.00,0.00,0.00,0.00,0.00,0.00,0.00
7686820.04,0.00,0.00,0.00,0.00,0.00,0.00,0.00,0.00,0.00
6908014.43,0.00,0.00,0.00,0.00,0.00,0.00,0.00,0.00,0.00
6286818.59,0.00,0.00,0.00,0.00,0.00,0.00,0.00,0.00,0.00
31.50,0.00,0.00,0.00,0.00,0.00,0.00,0.00,0.00,0.00
