0,225424630,466752970,147942210,91597530,380423020,84532930,472037090,225434400,0
133534260,0,268079170,84970480,52608960,218495640,48551410,271114100,129478070,0
96542750,93606140,0,61432070,38035290,157968260,35101760,196010420,93610200,0
76695280,74362390,153971030,0,30215910,125492790,27885460,155714150,74365610,0
64156520,62205020,128798630,40824060,0,104976220,23326530,130256760,62207710,0
55449260,53762610,111318200,35283460,21845540,0,20160680,112578430,53764950,0
49016050,47525090,98403080,31189880,19311030,80202590,0,99517090,47527150,0
44049900,42709980,88433160,28029810,17354500,72076710,16016000,0,42711840,0
40088740,38869350,80480920,25509270,15793900,65595290,14575770,81392030,0,0
200,170,410,80,170,260,120,440,160,0
