0.00,7683040.46,15908119.50,5042243.99,3121875.05,12965776.87,2881095.65,16088215.65,7683373.44,0.00
4551184.68,0.00,9136814.86,2896008.46,1793046.16,7446882.99,1654754.62,9240252.93,4412939.48,0.00
3290420.63,3190333.55,0.00,2093760.03,1296338.70,5383957.08,1196356.59,6680529.93,3190471.93,0.00
2613968.75,2534457.97,5247721.39,0.00,1029834.49,4277111.08,950406.87,5307131.32,2534567.72,0.00
2186616.16,2120104.11,4389782.45,1391387.02,0.00,3577854.58,795027.03,4439479.20,2120195.80,0.00
1889850.76,1832365.47,3794005.27,1202549.39,744551.15,0.00,687126.87,3836957.09,1832445.22,0.00
1670590.72,1619775.04,3353825.38,1063029.85,658168.65,2733506.73,0.00,3391793.65,1619845.25,0.00
1501331.79,1455663.94,3014025.34,955326.68,591485.17,2456556.23,545865.71,0.00,1455727.33,0.00
1366325.46,1324765.57,2742992.92,869420.32,538295.98,2235653.07,496779.04,2774045.85,0.00,0.00
6.82,5.79,13.97,2.73,5.79,8.86,4.09,15.00,5.45,0.00
